1000
4
846930887 681692778 714636916 957747794 
1
719885387 
3
596516650 189641422 25202363 
3
783368691 102520060 44897764 
2
365180541 540383427 
3
303455737 35005212 521595369 
3
726956430 336465783 861021531 
3
233665124 145174068 468703136 
5
801979803 315634023 635723059 369133070 125898168 
4
89018457 628175012 656478043 131176230 
4
859484422 914544920 608413785 756898538 
4
973594325 149798316 38664371 129566414 
2
412776092 424268981 
2
749241874 137806863 
1
982906997 
2
511702306 84420926 
5
827336328 572660337 159126506 805750847 632621730 
4
433925858 141616125 84353896 939819583 
1
998898815 
3
610515435 585990365 374344044 
1
477171088 
4
945117277 889947179 780695789 709393585 
4
918502652 752392755 474612400 53999933 
1
411549677 
4
943947740 984210013 855636227 749698587 
5
956297540 36140796 463480571 40651435 975960379 
3
892066602 376710098 927612903 
3
603570493 687926653 660260757 
2
485560281 402724287 
2
194953866 894429690 
5
947346620 221558441 270744730 63958032 633108118 
3
7905772 469834482 822890676 
5
791698928 631704568 498777857 255179498 524872354 
2
572276966 269455307 
4
352406220 600028625 160051529 40332872 
3
120048830 378409504 515530020 
1
573363369 
4
77486716 373226341 631518150 200747797 
4
117142619 168002246 150122847 439493452 
2
760243556 231192380 
4
111537765 338888229 147469842 438792351 
4
269441501 142757035 116087765 869470125 
5
8936988 982275857 275373744 387346492 350322228 
1
960709860 
2
771151433 186452552 
3
971899229 476153276 213975408 
5
626276122 653468859 130794396 239036030 884661238 
1
350573794 
4
605894429 789366144 987231012 875335929 
5
103318777 597322405 939964444 112255764 432114614 
4
352118607 782436841 909002905 165344819 
4
532670689 351797370 492067918 504569918 
2
706043325 496987744 
1
359512184 
1
398295500 
3
86206726 601385645 172755591 
1
243268140 
5
272469787 27907670 968338083 722308543 820388465 
3
6939508 740759356 285228805 
4
502278612 450573623 37127829 34949300 
4
529195747 392035569 335354341 87755423 
2
494613811 447267606 
2
745425662 396473731 
4
346811306 569229321 705178737 590079445 
2
977648523 470503466 
4
552473417 143408283 188213259 559412925 
3
473442063 201305625 238962601 
2
238433453 273911900 
5
620145551 665947469 619290072 707900974 407487132 
2
7684931 776808934 
5
404158661 937370164 58657200 973387982 642548900 
2
260152960 472713774 
4
662739669 25187191 967681096 850952927 
2
704365085 176911341 
1
943327685 
2
876855543 69755937 
3
349517446 588219757 856669180 
4
995706888 823089413 65103349 625032173 
5
469262010 562402337 298625211 295166343 57467588 
2
555319302 382697714 
3
70575322 260401256 296864820 
5
697517722 1229905 950955940 335939812 797073941 
3
65311706 719346229 846811128 
1
307565985 
4
324763921 155789225 231602423 389867270 
2
619054082 711645631 
5
917679293 6811973 253207673 570073851 414647626 
1
46741223 
5
896306641 343606043 111783899 446340714 197352299 
1
782280525 
1
524688210 
2
566288820 371499337 
3
726371156 927495995 292218005 
5
11614770 682085274 662981777 630668851 246247256 
1
548348143 
5
964445885 118421994 520223206 452867622 17679568 
5
201690614 213801962 822262755 648031327 411154260 
5
282828203 110613203 114723507 982936785 676902022 
3
950390869 255789529 266235190 
3
137949909 277849959 777210499 
2
908518809 23457754 
4
309383304 129033334 329132134 280321649 
1
781999755 
3
212251747 983690369 364319530 
1
484238047 
4
624549798 767066250 886086991 739273304 
4
415505364 78012498 552910254 671294893 
2
795519126 661761153 
2
425245976 315209189 
3
448703730 679895437 545032461 
5
861543922 677870461 932026305 496060029 828388028 
1
332266749 
2
31308903 816504795 
3
655858700 583571044 559301040 
3
186090429 974806404 473144501 
2
498617648 669908539 
5
12895152 144522536 812282135 328104340 380171693 
1
860516128 
5
543755630 722060050 455590965 328298286 70636430 
4
472576336 402903178 329202901 503885239 
2
2416950 12260290 
3
561717989 407392293 841585796 
4
733053145 433102830 887658391 402961683 
1
900553542 
5
337453827 81174233 780172262 450956043 941690361 
3
847228024 516266762 866000082 
5
586903191 2495426 500618997 989806368 184214678 
5
61730691 186631627 16764525 717226058 748349615 
4
411328206 137390359 9726313 696947387 
1
265204347 
2
630634995 665204917 
3
564325579 297893530 10528947 
1
708302648 
1
874799052 
1
885799632 
4
281830858 386418628 156541313 318561887 
5
70788356 505193513 112720091 788014413 106059480 
1
51858970 
5
104152275 748806356 826047642 369356621 970925434 
3
887077889 530498339 873524567 
1
541027285 
2
745790418 251300607 
1
25125850 
3
126107206 159473060 376035218 
4
478034946 471990784 353436874 983228459 
4
993967638 941804290 826620484 45826608 
4
930772758 647149315 716334472 152645730 
1
25533460 
4
1089439 899058026 77211389 394633075 
4
675518158 645933682 943003494 553160359 
1
69110700 
3
864101840 204275570 190668364 
3
410228795 26413174 773319848 
2
968217463 452456683 
1
858504293 
2
802205058 427355116 
2
272796158 452888575 
2
126401948 204462952 
2
521035022 40610538 
1
19485055 
1
291554099 
1
905241082 
2
371653517 962033003 
2
707746140 372261797 
5
333582339 628974581 894519219 786039022 931513971 
3
21784813 586235380 32894978 
1
859031537 
5
543324177 985433484 395279208 606199760 358984858 
5
344593500 378469912 272020128 488663951 33505237 
1
345367819 
1
991810564 
5
965421245 216588712 319041806 151519935 845563292 
1
937558956 
5
524133590 959343769 215828994 409544919 74552806 
3
747844823 617876983 765326718 
1
76593094 
5
431530127 421186594 502781487 703550254 909850544 
5
733327815 107734714 646478180 725138378 500474763 
1
941727089 
5
615935711 639806733 738110295 406011018 269400347 
1
217871138 
2
524305154 292423944 
4
124666329 910300926 30449292 120306711 
4
7277218 551836837 260596964 362575056 
1
22963859 
1
988714905 
2
250372662 566369634 
1
567304790 
4
155722605 35756852 419806 746349251 
4
122336504 861109486 659639007 460082196 
5
952062950 577721121 510080968 714880227 460686764 
3
554290597 467963982 34740866 
1
830539037 
1
690367771 
4
131359212 821066343 537322533 550245197 
5
104627322 910858271 312994985 140384173 763794428 
5
582152041 738647284 772970073 94307399 51245831 
4
46370348 628966951 520982031 761250574 
5
3886060 168057523 410134048 38626925 982945083 
1
181271233 
5
527622955 312630444 199411899 64945487 862875641 
4
22089160 626250263 669679263 14989684 
2
581539849 597141724 
5
207026273 691449123 32454155 217927336 590335822 
3
738909366 204102748 603591172 
2
372160270 13725219 
2
207621704 106914654 
4
733450908 487053960 980356729 932862807 
3
695748721 289547085 279121309 
5
811742699 294110992 417076377 245798899 891252716 
3
452825172 435218190 135771560 
2
25554011 649709017 
5
82173110 105816540 857490001 454333379 972058110 
4
661955082 931489115 11671339 395405990 
2
992028068 180785148 
4
687776788 470332232 954696533 862292123 
2
101323876 131884851 
5
992576591 235202255 833215351 280311132 370973814 
3
158381495 873199182 766146082 
4
979015721 476152434 694887983 803590182 
3
209359416 735079297 831768826 
5
6138723 823796893 785550552 534230298 364090033 
5
341443182 78898507 242990416 442767058 63299709 
1
287860000 
3
309112298 420687484 669475777 
5
579068978 395191310 431742588 672139933 226723383 
2
219544267 30313564 
1
428903683 
2
412277686 33669087 
1
88590931 
1
10794584 
5
632651477 204754117 384095821 875641893 500037526 
4
351538840 787897526 745897491 660651137 
1
267889619 
4
640170338 663080929 610506583 164826622 
1
370917956 
4
772634226 951426816 813274571 390543438 
4
699460009 867107723 304811784 223712351 
3
610009098 856363828 787689127 
5
584522072 287726652 146533150 936060911 928140529 
5
449228399 989241889 12836611 627992394 481928578 
1
238498977 
5
270754553 609416932 31126088 43388778 413360100 
3
286448567 629580953 396377018 
2
934392736 620089369 
4
396918185 476453196 376696777 96055806 
2
664423429 242588955 
4
445080309 135019594 151297279 434322198 
1
779289673 
5
528806446 870305001 415522326 799560998 332238284 
3
695466128 745598383 143565422 
4
375179335 539942440 987987335 162088422 
5
576994986 411522958 489001355 953691762 507578763 
3
470631542 750167717 104561853 
1
737703663 
3
202550400 738076218 887665155 
4
119399016 610486507 386839852 771476365 
1
833488264 
2
688323173 829570038 
3
916018860 222028829 289360872 
1
234576988 
2
342146591 723578342 
1
849725353 
1
143195512 
5
83149518 58907362 190113084 44041352 113974113 
1
931706507 
4
900104668 394709365 472131490 671581033 
5
158136105 991039876 878273680 987706142 292413413 
4
209734970 434290637 724916171 444311957 
5
67062761 20406650 825726815 769304466 998994315 
2
221713887 934660184 
5
411826970 978701536 994320153 192532622 762924394 
1
92637290 
5
404259632 616734674 347584265 562395736 607774549 
1
550101878 
4
872666834 612353199 186994950 450099356 
1
340157794 
4
929588157 18400961 138982934 781098824 
2
213213172 568275359 
3
625040141 399493246 567022182 
2
14933991 499150324 
1
25084101 
5
379461076 372668365 318322043 987235625 451042660 
5
592456290 176225845 333293470 779451239 478841552 
2
972125384 848520020 
4
990526344 840019305 953161957 830365982 
1
373953667 
2
530788968 773446913 
3
348361730 788380903 321756869 
2
813465003 77683175 
3
38649719 396005217 330301184 
3
116945488 922757473 518434574 
3
554725063 997276126 692713934 
3
698312497 717293419 369893142 
4
522971727 52775475 296596981 896925394 
1
827385949 
1
278450031 
5
311269560 600206899 139352161 124734563 530406425 
5
163384281 926411642 812718903 505593011 895873481 
2
24027584 198628790 
1
21303709 
4
374600939 572132558 461152494 597010432 
1
984124221 
1
259577691 
4
105629392 86963639 403938271 384079422 
3
715207830 836802672 107096181 
4
367209096 589513900 855843025 146137089 
5
213952387 42010570 695258233 237979970 93155711 
4
111800031 984498434 917609664 683932588 
5
514620095 499429650 282291500 16922352 759007340 
5
122551743 698487331 272312087 359147516 666231350 
1
195950187 
2
532495012 415675635 
4
240854388 561812723 322623288 454806774 
4
17881520 692786743 549495355 560890245 
5
386510140 331016260 193552064 684677419 845636354 
3
819485270 862558706 304505405 
4
837626800 2992735 107654820 196774316 
1
947691088 
4
100670 332702451 660916488 67974803 
3
75245563 390598090 28363611 
1
260995961 
5
933596912 674402558 230769830 172623404 5418817 
3
857300822 703571523 117303606 
4
418646580 274325362 217161529 256273379 
3
177332701 305564046 651574883 
3
550804900 651675552 310242590 
2
719650354 883799427 
4
962764795 912163037 671068507 76277108 
3
604665418 750679665 569115922 
1
756098481 
2
487105995 312186355 
4
16408438 730832934 90099485 86086318 
3
219933932 263419018 145186710 
1
240959157 
4
228217070 551201746 907712996 947867423 
2
47196296 763148570 
5
718264802 839425677 538026653 175446572 590105341 
1
805251744 
3
805613092 144874090 510906528 
2
13798879 94255813 
1
99885197 
5
636453334 363304214 79065187 360478500 604263371 
5
588695569 155465116 535286142 389079343 442982640 
3
4744264 642663199 153263591 
5
33206203 181226514 286791632 992865129 986478258 
5
650994572 131352347 848934684 124898139 145151226 
1
541417541 
2
877068973 30387227 
5
956134159 390865726 65120357 731190953 832077646 
3
118993447 73673340 663568112 
4
78417604 158747662 707255826 922587543 
2
888482340 209379175 
5
874960597 547407331 540846268 858829295 396342014 
3
3980520 192048861 912194651 
3
69117833 942581877 562390280 
1
185963954 
1
608959296 
4
848096108 727952742 91714938 364180571 
2
170132541 375444585 
2
92720084 419914801 
3
154615610 309766497 457676441 
5
850612764 316505736 950881305 221389874 173002607 
5
133584524 127052252 64564350 928682752 689442531 
5
114646705 316953166 551291987 132688303 17565626 
5
76919592 234262548 266222408 99568485 609707132 
2
44804920 29621932 
4
199420529 339388428 295815495 753959820 
4
464837582 704841124 116423769 637840188 
5
102524644 764892439 764851989 31207395 306851321 
1
145854099 
2
110993019 131058753 
4
242754099 60494696 728149011 508976506 
5
337856143 616916067 204868099 219994426 307571473 
4
559382854 603386967 10764798 454416749 
3
568122273 570840517 558581087 
3
673365160 175989878 33261901 
4
482841198 592962933 702943004 959162036 
2
686518108 453048499 
5
599529155 33713862 308202907 759592335 371570004 
1
816976785 
4
85206798 73781764 3463634 541110116 
1
457880382 
5
505185186 28720898 20432101 773595098 554602409 
5
659373350 111691314 384295880 104852635 814634317 
5
808808586 353668776 649022766 608034987 953197931 
2
916237893 565306617 
5
546389570 234799753 498387410 631596367 308581516 
1
25222834 
4
812247777 487073848 750829614 693485027 
1
376941063 
2
408960630 888830764 
1
793256509 
3
26929417 989230776 802491983 
5
638253541 263043321 38828827 173506519 31797566 
5
80329500 578187135 691451547 578716909 62299854 
3
933084304 87522687 98193843 
3
574596535 701539808 143849811 
5
78480870 244453597 196095816 819827985 456748697 
5
813511383 336194466 831099452 468519717 421825362 
4
731563038 460654188 495375862 763360603 
2
575705361 194064089 
5
6938621 256363942 313823294 940022925 343886629 
1
390387709 
3
113556943 386753871 853101997 
4
631207467 49197812 716898501 940472516 
3
382926235 129183333 574682291 
1
551008694 
4
435525340 11662881 391927495 51402294 
4
967632855 245466383 95275445 974571476 
4
409098739 767110752 845716952 821115874 
2
616716466 787189169 
2
322334814 684259684 
5
224048978 253674536 820965015 115115465 636600770 
2
542314108 340563073 
2
438865741 776088412 
4
683309588 680007058 999337837 503458794 
5
94613282 330546621 279820115 356228372 97657372 
4
29860597 960188535 594769884 817049765 
3
917104698 353825801 89966068 
5
607500336 763447434 108785491 96617458 566112133 
5
437180530 919785524 942481691 65785293 137638148 
5
745792350 989492336 981766423 523782141 936621969 
4
803602256 292850340 262486767 634172026 
2
75191654 81458261 
3
284665221 998562958 198619205 
3
992232984 806119541 138078722 
2
902736998 556707206 
3
192433879 476492729 104665170 
1
466647228 
4
4011521 456139564 564739222 527793661 
4
729568617 183912268 538128224 992055383 
3
713355512 67247036 899542554 
4
204428609 750621863 904251769 579059896 
4
562887661 569654969 401422377 318141010 
4
711089504 510574888 455371255 815754674 
3
922018482 251243824 625321930 
2
815983045 5631943 
1
398068013 
5
866596856 242639748 860144855 579952367 162403135 
5
138101282 366831743 215341974 894869402 945891639 
2
310273414 368062959 
5
628414423 346941485 628257756 991505662 654829091 
1
612816072 
4
547772604 238138001 660038321 216272001 
3
988506953 614340013 285830505 
3
856979760 145975359 287572526 
5
758179118 278190159 386214637 973521091 173059561 
2
636750615 483332974 
3
553918866 964263749 752143422 
1
955769410 
4
478705401 421101833 688852787 26478005 
4
201407459 95266357 755526128 189914411 
4
41356632 897534570 566586129 39848342 
2
438485375 798027459 
1
824700011 
2
488873166 861838990 
3
824722491 267040927 667250733 
4
871700700 701943706 597272001 131189563 
3
18373833 820042349 59643462 
3
21449808 7426170 138172498 
5
717032539 179529129 961415140 136135019 219377471 
1
574620393 
1
167368543 
5
346502534 656241708 113675744 459834401 333480551 
2
979601486 122466789 
1
681545191 
1
88639635 
3
443145326 908681984 626870462 
5
782648143 634296631 963964192 699045064 203845521 
1
512976555 
4
215387143 364531493 914600931 85308423 
5
166437686 284327309 40658095 132629781 744161709 
5
365862803 576279546 349121785 470796523 110341088 
1
559436158 
1
217038603 
3
304438549 42830297 955798987 
1
859310841 
5
995097052 855320513 20336957 335077590 70707655 
4
102194873 8532429 916768483 268632558 
4
957426577 401262338 889537798 331565221 
5
318333695 680687006 90438015 428674783 454580283 
4
106242870 524135237 823025016 410681418 
5
631340354 54449300 278792725 138700755 49546351 
2
159037711 237140293 
3
543906159 339335165 918386024 
2
607967722 63762112 
5
861746411 805816261 602182791 481387903 124149956 
3
571825917 405341090 442482782 
5
511583959 966618018 749757807 922265376 386099902 
2
976714675 517408979 
1
878777378 
2
531352977 115917670 
2
75259135 455252834 
2
388450128 915736907 
5
659067698 777483317 906889261 113766840 111387571 
3
249152987 683213487 141413009 
3
609946278 652996967 510770137 
1
427778694 
3
445834947 257009720 266795368 
3
135787097 770833935 202019541 
3
184726096 277278675 559473951 
2
665728803 327727209 
1
177312852 
1
229999243 
1
69114448 
2
540232677 752327935 
5
84384796 214790564 760481136 595154932 279527352 
1
344541321 
3
297785901 611336689 396028862 
2
234686975 598048402 
5
419413070 727843429 949784417 641450053 246088583 
1
112043683 
4
235238503 194559278 714481124 304352950 
1
107230152 
1
120630961 
2
123987800 733628448 
5
256031503 774404629 983827550 981393800 72190529 
5
229939014 358279877 682367564 680503767 896073991 
5
408347195 698374760 595747037 654435777 975886385 
2
77837210 63641239 
1
644834685 
5
620529491 752064836 129707776 741160451 943679782 
2
327305251 435482363 
4
101709879 271826265 196153580 26416759 
4
278608945 384696635 254390770 959112712 
3
61204106 219976258 831661737 
3
874412035 660064473 69774566 
1
723705711 
1
302116633 
5
150203108 54181468 926440377 891363559 850377602 
3
71185161 285859964 247412083 
4
557686228 296082015 199311797 129709434 
4
584008431 236616555 533803670 717295408 
5
753779928 401473496 954771802 480708314 61537968 
4
137990261 637760030 406736336 440106893 
2
556939444 346804713 
3
300819354 197182314 246101663 
4
335558629 346030097 544899552 893244857 
1
596727700 
2
216803070 33252482 
1
603123091 
5
409907855 209419370 4537737 217196009 690127683 
5
94258727 680634296 703835734 353511415 120741188 
5
910450858 320062252 351777725 211270211 517244565 
4
583274724 852803194 796425835 980690627 
2
438537946 577418326 
5
507857367 610670807 438638590 110980457 213735048 
1
320399827 
5
918258804 863043861 136864841 865033883 543678156 
4
71061649 516935696 831545291 981512506 
2
35839367 45299068 
4
486235105 628573791 912078409 135177291 
4
363159162 573715236 39199094 689710556 
2
502386252 128349145 
1
568637652 
2
217985589 786910436 
3
81029449 923775276 170253682 
2
616992201 241315330 
2
301053843 222827835 
5
189409561 268126902 742949165 675644665 749217044 
3
810821956 210997812 18186734 
3
102713257 560413641 171142497 
5
541279137 68728259 26253511 223207429 286713847 
3
675910876 367743295 441971925 
2
844967251 58964126 
1
691643254 
5
162824072 227833556 401943881 283467325 970782720 
2
32684368 478326645 
4
96198531 349029730 830496747 198911787 
1
854155595 
1
303238859 
3
535297509 526446287 209597699 
1
54873514 
5
642949731 753554422 127340948 554430208 693550659 
1
619480879 
5
899334108 21424759 139842054 722633180 804046008 
3
53476176 397489211 121241303 
5
80502309 172669441 164465627 934657903 829197087 
1
710058107 
2
846667124 919655805 
2
901540638 202029502 
4
507611411 329370449 320401393 201162070 
1
939882272 
1
900205109 
2
902411557 622838288 
4
927454329 676314463 867874952 901211984 
4
948377260 73881424 95802346 735551515 
2
416023183 298125973 
3
115206658 70298130 243110912 
5
272327631 156565745 376875058 601698079 476967138 
2
602569079 269365761 
4
502774187 83189142 243018185 978128826 
3
22988866 506959640 421449834 
4
438296359 222343445 850598624 386615056 
1
606193486 
5
108537284 431315645 770361247 178835413 674426556 
4
451163043 830992301 16499951 52861121 
5
447053429 507946551 429841550 787660057 10720738 
3
30678242 841365915 919121925 
4
348325555 193088110 682900659 639138265 
5
533499282 25753320 78359217 992209119 533424261 
5
423524764 303785507 218248264 97951319 943410400 
1
781459971 
2
574788778 794452112 
5
82735329 76810013 47140187 945972418 442357056 
5
639854684 361478980 689034590 988180238 554567090 
3
479834854 822514996 757950881 
5
900874212 750160000 891528785 87770712 26201115 
4
158535327 976668785 991241043 827946633 
3
656184097 255251762 405097219 
1
190503442 
2
815320764 988992211 
2
598171895 628846895 
3
139722836 469543484 545343059 
3
949378338 367858054 122125316 
4
121248618 872285315 51527999 61535681 
1
99358642 
2
727671565 943116036 
4
190833024 599300132 155785753 595930243 
5
198805546 930353826 35317825 187797757 707134464 
2
669161003 845394081 
2
138704486 243253492 
5
940599175 611111545 112028657 100598389 732360162 
1
4642739 
2
587833103 104001380 
4
168021019 899633767 914500839 358854043 
1
922802943 
5
718930960 121608489 737654462 606765136 161922597 
5
92771207 831083599 142699357 718500114 822304436 
3
708403455 615419963 849580745 
1
568534703 
3
657262433 573177441 80869452 
2
529695172 94836300 
5
281845290 861853490 624486947 633295540 637172785 
3
204742851 758781273 169442044 
2
920703869 466747320 
3
604303819 609446677 475295658 
4
847915876 36215464 42028216 697496620 
1
463079270 
3
218942710 36256710 65339681 
1
418468233 
2
582187501 700313523 
1
206674447 
4
364234957 638462030 390868265 123016229 
5
202376251 896236449 127167745 959171795 353056619 
3
286983805 779664873 437046648 
3
674209440 987059620 32363194 
5
971529849 103822255 26061771 36869529 420376851 
1
49561860 
1
849876230 
2
61755149 36001643 
4
700217178 426869907 116391569 213153955 
4
865144370 340321699 440934304 218200988 
1
727918108 
2
219015470 903633727 
4
58591441 788513272 366913065 30121289 
2
245491187 66990817 
2
542537542 969069028 
4
244930123 745693060 229548227 280931766 
5
929765405 560318024 855459968 142919359 42080533 
4
335757409 335531188 791321677 117726231 
5
494220240 189258052 819599373 871328243 247849493 
5
238241307 277970781 352964523 483732494 197477950 
4
878786387 19063329 833469977 123716510 
3
63018203 257164627 356341139 
4
817482650 64317459 840735669 859563182 
2
29009429 47610721 
5
146735659 111060015 775496415 188510063 783175740 
2
436359555 243804736 
1
714330335 
3
73831161 764324636 114962508 
2
783387965 948432484 
1
400660704 
3
186015034 757001843 561783349 
4
821319301 255035369 715577217 458757447 
5
763187938 740033622 135813160 726764304 368046388 
2
509940043 14871044 
1
753744778 
1
327529463 
2
678800871 91854098 
4
631418418 875242062 118941729 560268825 
3
982908767 746283859 885420960 
2
602297894 706740260 
2
317875110 18014058 
1
81063047 
1
777134496 
3
978610418 101457717 22800097 
4
862140493 776544875 450967524 42186307 
1
129768395 
4
150084507 613703164 861798818 269026235 
5
990217935 104451353 625288550 875638894 501659819 
3
434895505 6420006 397977905 
4
500257693 331557303 915989945 277392188 
5
894600362 231366257 14701102 593114527 93506749 
3
44082051 135693055 475853940 
2
122249810 625938446 
2
984048627 894964681 
3
826782913 999416033 996879553 
3
353592204 76982347 989833662 
1
474960251 
3
712786253 806517554 63765872 
1
798418558 
5
74061049 665636011 403997112 20084149 309398338 
4
8293555 785252278 179478662 130543364 
5
524581325 967108343 158671755 896172327 793891255 
5
893051879 201345765 364196343 970034226 43695778 
3
297510828 191471705 289511155 
1
255237576 
2
754963291 66120161 
5
420599301 322633624 226351143 582513991 475745489 
2
220282620 655224150 
3
483989694 32321826 184812755 
4
928494152 831220361 653265588 674062383 
5
17461930 496612960 76261903 446703184 794123787 
2
736214338 898152168 
5
720936637 505631810 294124047 927203631 926231110 
5
6071126 361261452 92503158 93232174 581544071 
4
310936586 65533765 632565484 495749340 
5
413575987 179486053 66493504 87638369 212052177 
3
584251328 140830431 383174968 
2
408564038 119389305 
4
784051572 692842293 487191795 78175618 
1
265939256 
4
478633401 627200708 492469148 571865574 
3
945229158 882802160 126794894 
3
231067851 687506458 843886979 
3
753999961 931525348 475122432 
5
368293027 615952862 73646712 599184493 24516899 
4
580744478 661084822 738394661 67936272 
1
63473288 
5
991742781 542106688 813592587 336728280 966488614 
4
281957437 701807125 1648610 712268429 
5
689155067 408671760 195945230 443155028 192713459 
1
133626772 
5
139536874 59789836 12707330 16570125 105342204 
4
677654946 696253216 366420783 121948089 
4
552812662 113690869 154349543 366405248 
1
120838156 
3
584892937 675161632 242907572 
3
460552959 932062639 558349477 
3
227734018 751062935 180082200 
1
164585771 
3
126183328 29809452 336189197 
3
475777611 866360495 780295099 
3
988308583 392537954 395011054 
3
399403848 613932653 109967655 
1
855191615 
2
47919987 950615539 
1
508472945 
4
107920489 17487484 962928546 858983423 
5
29322038 876085545 369705108 155505366 905894997 
1
239547248 
2
424771150 872358698 
1
265596084 
3
471398404 72628239 516816851 
1
182595893 
1
793039022 
1
937495192 
2
427027496 298484489 
5
534947984 168488324 146810337 246447758 218574359 
2
122533303 588279466 
2
880944651 146690121 
1
115133609 
3
148576389 191520959 542090058 
1
662919362 
1
782806241 
4
649830541 524897798 246322142 379803376 
2
842493054 659347224 
5
26374845 46811559 781882153 25701534 293259317 
1
54350260 
1
441252328 
1
1769973 
1
514722041 
1
716952775 
1
308424539 
2
781804172 971343900 
5
417126764 424627020 376108020 942024562 523465513 
2
109450255 218474918 
5
722844084 244849763 314586529 357242588 270551296 
2
210215451 324901555 
2
503984130 415922257 
4
944442930 930644297 847344719 513912056 
5
8285609 772954888 80779601 979629508 351748719 
1
256772879 
3
144963629 780238391 188800836 
3
998713309 456575806 829774318 
3
623678686 39533258 219147070 
2
249748708 544048624 
5
753732837 959970880 248185890 550692119 743131528 
3
64604174 42106957 103816216 
3
975402909 935962075 41824131 
2
45251305 622197220 
2
678006047 810998056 
5
529235707 120090213 112526509 625315129 743768898 
1
844462198 
1
401808473 
3
345554530 8057662 53514404 
4
411266132 649162284 541787378 328386657 
2
498119945 18462070 
3
286598371 912802552 550046829 
2
387516124 725868785 
3
51030531 8620976 391607780 
5
121147485 869439260 767405992 273207250 566417810 
4
527532075 807444982 645803003 535589736 
3
92059773 946855867 362638021 
2
127758875 906423612 
1
146220944 
1
123598168 
3
680691644 307964194 151572323 
1
22852618 
5
120214108 414460397 78756299 241361592 136416009 
5
367085194 702833818 146410763 894617268 362795151 
2
282723355 76270888 
1
82095573 
5
75669742 209854447 50365224 912669539 208591743 
4
36267706 120131590 861701683 196748251 
4
973294815 219600868 179339468 93508922 
2
258095766 187386866 
5
956774407 554472059 325827442 955701521 449089326 
2
452947989 731812680 
2
42254229 813908252 
1
117923970 
3
959200314 883109860 84870792 
3
771893917 57518733 854428387 
2
181738996 827723201 
1
213594815 
4
527337002 471690580 961135339 2846978 
3
515607397 328674419 236682858 
4
869813363 689630846 401542105 487223194 
1
67966708 
1
554841747 
1
207774950 
1
29116549 
4
62361874 86635282 54930040 31004040 
2
735169592 924279778 
2
508918065 304133131 
3
322569756 306980109 87157361 
2
635654527 176356570 
3
357984241 865987416 909448682 
4
302905193 977415390 93782070 857746940 
2
154073371 148214897 
5
354575024 210576771 37412976 262021415 94097162 
5
997191006 18376939 640272696 358625422 322510070 
5
681195177 629490178 386122430 371888681 117661056 
5
879795258 475645297 280982767 789243939 173369082 
4
619175680 119667503 294151250 540836826 
5
442366147 344130873 480832248 652942917 381543848 
2
747040078 539847452 
4
765417017 32636499 951186441 940443438 
4
632381617 422449967 570240350 4270297 
2
132719349 736581906 
5
266218467 378342197 41641752 702622778 997517876 
1
996774027 
4
140082831 439140173 735001926 473431430 
4
116545773 68801444 691639519 508909577 
2
309572887 394062427 
2
250016324 725663995 
1
672466290 
2
954233519 65093663 
2
690815425 933366333 
4
69157621 827524436 102497641 919191848 
3
951788019 310062901 833949223 
4
45064826 159897005 188043984 14126951 
3
879683502 375552879 890060909 
3
769615305 355126163 291789063 
2
452573033 964255352 
3
259322903 881865367 629872744 
2
667748051 882263959 
4
347788838 837277951 643520499 41655230 
5
953583399 728120805 32510513 851164577 888017809 
3
717807879 116716256 952754350 
4
6777164 142010737 568008765 214419678 
2
915804416 666992710 
5
264537115 926315613 984953221 746926211 728970291 
1
629190169 
2
490108 318984472 
5
894661690 108050441 902919190 622782494 993077305 
3
363316654 66148152 176924348 
4
871418853 122801456 339326424 865945942 
3
553746102 152262093 311647340 
3
255349947 576184455 852087127 
5
175627017 433573770 745520790 804817185 886872711 
5
123801656 836208502 345705291 84368448 591644043 
4
929962104 50760513 184320789 848626608 
2
664353697 572561812 
5
856196472 438507753 598845592 262458925 443286197 
1
335714088 
4
339193737 40317566 791455663 514820753 
5
389492804 172154290 213280397 840536405 148472297 
3
186241695 85357097 493649293 
5
15319200 396926157 191566618 716462159 477127368 
1
141540323 
2
564633138 580048075 
3
827092062 23334272 41984909 
1
574486767 
2
55640067 218458781 
5
529531401 460467936 920670039 742811798 301004341 
5
644817047 339762387 154499431 990982691 347008217 
3
387908847 391091186 591313493 
5
99527852 732853815 250198953 516677341 165418242 
1
196285754 
5
276192191 211608255 615755631 509887187 119764673 
3
110919288 649296073 147198698 
1
244624222 
5
100731661 741957621 640481777 107747443 732940311 
3
130082425 973365510 231097530 
5
690918076 330625381 306766084 941117028 847302721 
5
175324310 43588475 513453189 451516500 107713081 
1
813920039 
3
668455933 924839326 729290177 
3
956428652 973914399 968890372 
4
568388371 609372148 869940458 153845033 
2
852539235 127210542 
2
426451504 818128617 
4
585733939 611761997 563436827 57918264 
1
459541653 
4
91119158 567254733 258129327 905039196 
2
926585259 829878521 
3
447272593 638823524 202969763 
5
401016539 771358133 878051464 123473349 925203166 
3
976012583 904930059 860422329 
3
575575028 576556434 840714376 
4
139993260 751148991 974423329 599534912 
2
65542486 19305996 
3
823098033 666554832 64784083 
1
895610197 
1
144316429 
4
928219640 397849320 722454444 658787455 
3
500173961 838733762 349851602 
1
551672442 
4
833195398 128228876 445546414 20532421 
2
49211757 847472102 
4
76764903 765530939 592095746 362447375 
4
111166930 427231457 946638229 6777126 
2
943471009 957873436 
3
193836680 532844231 378811578 
2
33018191 70061691 
3
143154914 621734133 522359338 
1
749963008 
2
849399084 870701494 
3
549387537 443491244 93882410 
2
35586990 308846136 
5
146753919 736077592 555218378 6047396 675365724 
4
963920831 247906198 545042418 349281414 
5
112718117 234815956 696779466 30245416 377970869 
5
552604754 354321180 920992957 373026857 56236615 
2
242660716 605624151 
3
189059477 773058977 828321739 
2
381639127 827592009 
3
789373856 833639404 761865278 
4
650076586 9771476 685622012 999357999 
2
798340128 86690307 
4
828585543 464661175 209331368 233706648 
4
130324324 606733504 875218968 627051478 
4
333359470 419786227 38453695 106418447 
5
536359306 340573925 75699973 622858861 129947780 
3
384724138 123043726 264448665 
5
808665737 116323016 736017567 459522216 203013322 
5
140624110 667674496 983650353 374330758 339173202 
3
981064261 66908521 446058857 
2
400267991 865845083 
1
359202789 
2
110304184 699776713 
1
733163044 
2
656541450 970403533 
2
773506467 217415498 
5
889829482 953433064 925988872 945359155 580268400 
2
465550002 563918752 
1
804723203 
2
127040703 724148076 
3
810015534 124416066 694830071 
2
336135206 661299469 
2
35911918 555985192 
5
718152761 65042993 902863874 523437330 838549459 
1
137387634 
2
926228786 915892858 
3
359013538 835022191 844320800 
4
128482281 501560354 158374772 108039335 
4
987359760 770571221 202640846 534706182 
4
538776051 48522002 353828930 427204320 
3
286289271 145357081 522066538 
4
668794410 213132348 161948867 658698395 
5
940694004 427107604 25314789 299707541 262129794 
3
75156182 243128426 371195942 
3
203684113 449420722 73407064 
3
652061568 608113245 981303316 
5
656635247 335132245 470558290 113658791 621421515 
2
635725328 663091010 
1
848857676 
1
648440877 
2
618250232 75548481 
5
917957772 190194626 390352043 845630305 285839404 
1
79161258 
1
63485057 
3
463778848 568062976 613197918 
5
611416946 269833164 632730759 934491587 383491954 
5
402923308 19217282 769759634 392665790 720591309 
2
893623018 215992975 
3
821687850 736709429 836040216 
