100
4
846930887 681692778 714636916 957747794 
1
719885387 
3
596516650 189641422 25202363 
3
783368691 102520060 44897764 
2
365180541 540383427 
3
303455737 35005212 521595369 
3
726956430 336465783 861021531 
3
233665124 145174068 468703136 
5
801979803 315634023 635723059 369133070 125898168 
4
89018457 628175012 656478043 131176230 
4
859484422 914544920 608413785 756898538 
4
973594325 149798316 38664371 129566414 
2
412776092 424268981 
2
749241874 137806863 
1
982906997 
2
511702306 84420926 
5
827336328 572660337 159126506 805750847 632621730 
4
433925858 141616125 84353896 939819583 
1
998898815 
3
610515435 585990365 374344044 
1
477171088 
4
945117277 889947179 780695789 709393585 
4
918502652 752392755 474612400 53999933 
1
411549677 
4
943947740 984210013 855636227 749698587 
5
956297540 36140796 463480571 40651435 975960379 
3
892066602 376710098 927612903 
3
603570493 687926653 660260757 
2
485560281 402724287 
2
194953866 894429690 
5
947346620 221558441 270744730 63958032 633108118 
3
7905772 469834482 822890676 
5
791698928 631704568 498777857 255179498 524872354 
2
572276966 269455307 
4
352406220 600028625 160051529 40332872 
3
120048830 378409504 515530020 
1
573363369 
4
77486716 373226341 631518150 200747797 
4
117142619 168002246 150122847 439493452 
2
760243556 231192380 
4
111537765 338888229 147469842 438792351 
4
269441501 142757035 116087765 869470125 
5
8936988 982275857 275373744 387346492 350322228 
1
960709860 
2
771151433 186452552 
3
971899229 476153276 213975408 
5
626276122 653468859 130794396 239036030 884661238 
1
350573794 
4
605894429 789366144 987231012 875335929 
5
103318777 597322405 939964444 112255764 432114614 
4
352118607 782436841 909002905 165344819 
4
532670689 351797370 492067918 504569918 
2
706043325 496987744 
1
359512184 
1
398295500 
3
86206726 601385645 172755591 
1
243268140 
5
272469787 27907670 968338083 722308543 820388465 
3
6939508 740759356 285228805 
4
502278612 450573623 37127829 34949300 
4
529195747 392035569 335354341 87755423 
2
494613811 447267606 
2
745425662 396473731 
4
346811306 569229321 705178737 590079445 
2
977648523 470503466 
4
552473417 143408283 188213259 559412925 
3
473442063 201305625 238962601 
2
238433453 273911900 
5
620145551 665947469 619290072 707900974 407487132 
2
7684931 776808934 
5
404158661 937370164 58657200 973387982 642548900 
2
260152960 472713774 
4
662739669 25187191 967681096 850952927 
2
704365085 176911341 
1
943327685 
2
876855543 69755937 
3
349517446 588219757 856669180 
4
995706888 823089413 65103349 625032173 
5
469262010 562402337 298625211 295166343 57467588 
2
555319302 382697714 
3
70575322 260401256 296864820 
5
697517722 1229905 950955940 335939812 797073941 
3
65311706 719346229 846811128 
1
307565985 
4
324763921 155789225 231602423 389867270 
2
619054082 711645631 
5
917679293 6811973 253207673 570073851 414647626 
1
46741223 
5
896306641 343606043 111783899 446340714 197352299 
1
782280525 
1
524688210 
2
566288820 371499337 
3
726371156 927495995 292218005 
5
11614770 682085274 662981777 630668851 246247256 
1
548348143 
5
964445885 118421994 520223206 452867622 17679568 
5
201690614 213801962 822262755 648031327 411154260 
5
282828203 110613203 114723507 982936785 676902022 
3
950390869 255789529 266235190 
3
137949909 277849959 777210499 
