100
100
547 592 457 890 554 537 128 77 864 20 306 496 943 563 821 969 330 809 660 646 67 326 841 874 574 158 62 150 771 653 933 947 577 475 175 220 543 57 819 7 191 171 499 571 422 64 551 591 937 252 332 996 438 542 436 295 194 103 876 732 566 260 733 445 450 871 790 42 383 256 562 878 994 964 319 734 944 967 297 29 439 611 584 661 721 920 154 431 125 412 650 231 237 446 227 428 677 70 975 347 
100
19 969 781 633 642 439 267 138 830 660 274 782 158 297 211 146 756 828 436 936 949 127 948 638 444 513 456 517 919 611 799 939 996 166 461 956 951 689 308 374 537 931 668 832 518 286 550 505 199 341 421 621 616 594 206 49 63 404 825 229 727 800 549 805 958 148 287 976 157 764 806 152 324 872 447 571 711 683 536 630 51 168 33 598 462 468 240 845 789 631 553 574 273 871 471 512 938 868 539 318 
100
185 267 608 672 15 776 928 268 957 49 434 346 125 775 176 475 536 369 337 702 581 838 888 219 140 718 962 280 637 353 328 327 727 423 627 164 218 971 199 406 131 6 682 756 525 235 937 320 361 815 336 578 869 676 960 392 99 301 30 783 579 694 407 29 433 226 421 169 440 826 266 390 381 933 318 607 547 456 898 706 492 565 823 620 540 615 998 598 895 319 445 259 604 799 181 20 175 343 648 675 
100
685 714 935 664 997 304 663 153 845 989 954 662 284 233 895 803 882 734 593 891 702 929 119 414 279 830 209 998 467 773 168 905 860 865 271 900 660 375 431 220 967 988 937 743 39 183 376 76 117 598 952 869 108 92 733 272 817 628 125 980 804 716 341 809 46 470 85 15 491 857 222 736 37 127 354 798 461 221 677 648 757 554 990 838 424 1 202 873 846 138 121 645 600 84 196 327 955 102 224 959 
100
58 629 584 149 290 577 703 688 254 499 23 834 641 354 1 346 373 679 862 571 131 933 967 52 684 742 480 410 406 376 224 129 720 909 257 969 996 943 889 845 965 911 455 22 127 767 981 182 997 278 784 803 305 814 613 449 229 348 566 816 261 539 87 250 145 209 797 567 159 112 467 870 243 203 90 910 218 433 549 148 298 741 379 401 103 685 506 603 763 16 436 723 386 423 334 632 696 443 615 568 
100
392 628 672 387 776 184 239 232 655 415 366 484 249 915 571 740 250 556 199 435 574 816 16 778 445 130 529 233 269 360 795 403 327 525 298 911 884 215 335 277 546 540 580 747 917 963 214 749 197 769 224 474 304 992 516 6 520 455 186 97 861 532 879 155 753 601 471 324 409 237 617 679 595 112 896 212 273 652 907 948 801 272 115 971 793 104 41 76 552 288 702 417 645 669 697 681 225 925 57 577 
100
48 487 241 18 408 703 870 613 980 512 471 678 695 903 186 188 530 533 317 37 139 153 430 935 227 692 661 191 328 85 160 352 392 157 66 33 167 985 198 416 735 797 807 395 22 642 452 54 593 132 725 230 972 539 809 700 810 733 304 465 928 144 768 607 374 880 35 823 219 962 215 435 174 908 893 682 978 410 702 23 839 267 118 705 585 422 506 472 670 999 637 902 21 365 563 620 96 311 553 605 
100
938 760 148 923 545 732 978 925 664 733 586 332 76 846 834 310 173 659 193 653 275 204 821 14 778 860 192 724 333 317 306 950 999 766 444 49 338 948 160 927 385 651 179 690 450 53 796 224 751 94 65 961 391 419 817 942 982 1 956 446 911 319 735 823 467 73 627 376 866 299 854 870 22 670 43 896 72 816 282 862 382 808 465 514 182 297 804 19 656 185 80 373 74 652 674 634 703 20 974 899 
100
939 155 273 272 542 353 959 304 996 879 302 64 624 306 58 775 128 730 424 380 296 492 239 655 532 826 285 623 462 34 55 980 625 225 103 214 433 486 589 386 66 38 168 101 665 714 63 739 326 144 686 800 479 294 412 668 927 169 495 535 712 684 791 192 661 77 974 477 852 685 501 248 544 943 48 882 483 171 378 298 555 556 9 557 807 565 622 814 372 748 846 387 467 590 962 44 487 442 571 472 
100
731 95 975 933 356 931 491 409 41 907 841 545 246 944 455 866 676 104 533 156 492 585 514 682 490 741 50 569 999 102 792 923 361 590 915 84 727 140 155 550 164 97 689 644 517 256 159 442 972 226 308 68 59 738 342 358 147 65 638 344 957 410 224 713 40 242 489 753 617 302 186 755 820 347 827 677 996 250 456 853 634 691 556 795 681 477 650 531 61 446 807 48 67 596 876 141 187 387 411 161 
100
904 816 269 464 710 907 975 131 74 294 890 801 513 771 430 459 995 279 874 300 673 925 388 758 823 452 470 954 810 752 988 601 397 90 255 813 142 493 498 92 793 281 378 471 192 852 196 119 958 883 769 156 870 986 205 77 358 621 87 779 820 633 59 803 162 129 713 966 980 620 689 24 862 400 937 663 184 613 353 627 747 950 309 754 2 723 920 468 496 128 272 326 42 94 776 112 697 325 178 367 
100
890 491 539 379 110 604 60 401 685 898 684 310 411 412 918 876 719 899 62 944 199 821 467 185 771 464 949 135 71 336 816 304 387 945 534 435 381 955 214 701 683 468 25 932 159 114 479 167 756 822 842 868 995 204 799 235 850 924 982 549 361 586 192 914 21 775 448 981 755 497 947 776 409 303 233 247 538 382 140 859 603 72 635 436 447 151 97 205 249 231 548 910 295 43 83 692 572 784 466 425 
100
482 119 407 792 30 53 578 492 300 382 991 96 956 656 739 431 797 615 237 597 915 455 68 609 720 370 344 389 462 247 613 668 23 832 788 301 825 530 377 779 803 401 646 787 342 848 990 90 602 276 698 769 369 302 228 161 545 772 351 681 740 69 122 294 997 776 713 762 773 225 883 415 896 880 231 529 862 635 850 19 493 187 205 527 285 855 629 645 60 580 999 71 600 944 820 15 451 960 709 466 
100
378 475 5 914 680 202 188 909 39 548 68 438 343 259 907 229 432 261 320 526 62 652 625 977 237 784 539 946 851 802 213 40 822 982 206 252 205 288 150 671 541 42 316 222 294 678 588 25 551 358 171 369 54 367 453 442 921 736 899 575 930 480 590 996 937 304 926 940 64 157 845 750 963 389 758 107 273 933 15 915 805 608 964 704 744 938 458 854 227 487 839 655 203 513 880 649 781 709 489 945 
100
653 457 67 809 952 703 751 971 903 91 240 90 618 897 435 108 691 491 370 877 40 940 385 959 911 424 817 582 184 124 475 106 34 872 369 434 32 645 512 793 229 987 450 482 154 647 403 452 722 454 886 592 516 474 525 282 583 456 360 493 211 568 946 752 654 551 712 908 112 402 111 638 659 522 921 30 288 514 975 69 174 858 82 236 619 815 243 882 765 368 907 699 873 806 569 224 294 113 186 470 
100
402 86 759 811 19 927 437 772 491 408 95 461 480 507 676 323 532 795 945 680 189 466 123 304 242 153 718 876 351 97 431 903 835 353 117 915 743 478 660 295 76 280 54 864 374 195 788 629 747 397 207 666 445 700 583 822 170 139 28 808 43 105 557 623 413 801 239 657 465 224 379 184 631 970 577 298 151 167 774 4 503 813 271 401 487 644 344 326 607 363 332 731 160 890 720 933 155 509 905 633 
100
592 950 300 425 734 473 828 517 822 664 860 869 281 614 642 432 424 264 762 877 689 887 573 115 792 644 847 174 76 364 61 868 24 791 493 406 769 373 317 917 600 963 47 255 747 234 123 607 146 741 650 717 702 788 339 807 601 505 528 40 721 728 9 576 176 770 981 759 715 639 219 261 515 407 521 101 345 25 829 52 752 842 652 320 922 7 508 128 144 620 812 125 668 978 816 726 250 574 932 547 
100
473 856 620 537 673 320 78 983 160 638 930 883 950 283 328 597 213 940 237 363 75 642 324 942 650 790 532 538 818 339 276 232 180 493 528 35 301 767 819 325 409 6 909 920 495 885 657 230 762 632 163 131 413 194 561 977 574 134 988 884 340 992 175 986 396 84 924 602 821 575 314 757 116 350 337 706 172 421 847 581 982 921 836 735 378 888 931 42 870 24 368 660 197 593 181 584 392 751 991 36 
100
701 1 695 79 613 188 492 832 86 463 57 312 632 265 126 802 152 763 341 499 131 880 622 972 575 549 3 980 885 108 123 435 872 181 329 754 551 608 56 775 788 881 803 81 533 90 21 83 850 129 611 160 609 208 720 897 109 261 272 816 199 673 263 814 629 976 625 886 446 260 975 981 323 825 387 740 365 184 156 590 684 426 586 38 853 953 18 602 376 692 727 870 848 293 945 883 483 310 104 594 
100
418 907 500 961 391 718 727 457 480 984 579 883 824 801 320 297 983 209 216 609 111 441 228 68 767 124 689 533 395 360 272 938 60 673 613 792 698 256 23 24 562 278 178 839 895 650 39 192 419 421 717 731 580 735 365 711 488 746 566 790 417 802 624 809 878 771 142 993 350 345 763 955 593 151 50 355 451 691 77 373 933 544 416 322 403 856 974 385 659 389 468 863 599 813 990 91 49 822 924 830 
100
330 358 177 865 826 601 15 803 364 485 989 44 979 425 509 953 502 813 296 327 452 200 742 701 558 919 702 767 493 31 725 878 818 206 341 337 392 307 304 864 300 394 374 131 433 956 435 724 858 240 432 552 930 959 342 402 359 153 817 772 903 55 737 578 916 891 239 35 986 790 32 957 267 935 796 974 161 988 311 216 441 336 120 828 980 505 812 728 281 95 109 638 587 190 372 655 650 251 385 134 
100
542 958 884 789 330 648 629 138 761 513 833 484 901 741 464 403 296 387 111 348 771 558 231 694 977 275 556 145 748 301 541 508 80 118 850 587 483 395 430 592 865 548 788 174 744 859 576 72 269 574 428 540 408 971 580 790 283 482 65 950 584 373 792 828 813 720 986 716 237 159 411 34 26 280 167 746 354 440 262 588 133 9 740 265 919 334 493 909 444 232 839 553 652 841 45 187 960 825 259 233 
100
757 55 452 569 978 111 424 446 979 602 957 617 731 745 676 544 277 783 11 573 464 116 455 657 145 793 359 933 517 545 373 8 612 237 356 466 858 429 906 79 636 714 918 758 560 439 396 830 172 944 660 474 252 275 86 327 33 394 425 585 646 987 409 162 67 324 778 243 73 669 796 94 7 68 266 542 104 572 761 675 991 514 673 403 638 953 594 247 710 234 759 226 747 696 995 170 859 534 588 823 
100
415 708 120 192 993 328 849 99 180 315 962 425 631 90 404 804 948 20 578 784 242 793 327 563 790 268 453 361 245 700 208 719 414 493 183 483 113 967 955 724 914 756 64 150 299 186 137 34 46 17 586 555 908 341 813 808 932 621 740 532 642 1000 380 940 270 25 66 718 438 62 503 275 224 249 916 201 584 709 560 294 611 225 706 271 728 14 833 915 343 175 449 7 990 686 255 475 782 552 143 6 
100
485 849 178 523 202 622 565 972 981 337 318 256 635 65 619 681 623 850 95 862 390 890 41 449 393 44 596 364 265 997 327 361 221 923 433 509 298 741 396 589 193 343 419 302 654 910 833 69 610 675 646 762 650 74 957 992 138 506 333 843 27 149 857 679 831 315 328 12 273 624 605 829 34 35 793 483 197 408 830 836 322 29 739 668 896 351 208 942 161 66 422 544 977 458 858 367 56 502 67 864 
100
409 385 288 822 7 393 278 980 949 30 853 218 691 304 259 523 229 417 675 159 435 357 975 13 560 104 131 290 577 179 820 540 627 918 773 730 181 99 567 987 61 653 302 387 102 787 770 499 572 549 317 609 712 177 990 620 539 633 793 325 158 976 50 428 279 724 529 203 64 884 356 175 708 36 952 720 255 818 82 85 156 690 19 711 722 446 365 230 801 811 687 581 676 306 307 941 757 466 148 275 
100
27 100 147 671 245 136 971 721 673 543 718 412 851 80 308 443 558 596 702 888 485 226 581 782 483 547 849 214 359 295 877 568 53 751 82 315 646 936 120 908 762 992 704 486 174 960 723 261 383 69 59 444 122 72 864 185 349 235 180 929 437 405 959 733 170 166 461 13 713 814 963 211 330 724 754 283 781 95 47 408 694 153 258 287 861 197 439 758 529 725 464 569 970 322 4 943 149 760 124 716 
100
116 376 166 306 638 357 612 292 728 308 663 969 272 193 232 472 878 417 102 504 962 773 482 626 766 206 981 160 579 841 845 604 433 23 805 316 27 41 141 463 336 153 483 175 719 705 104 633 690 234 864 984 790 491 64 171 879 849 65 924 6 998 823 393 310 489 527 176 75 704 706 763 943 906 388 76 508 145 734 974 703 154 583 217 608 258 712 786 368 568 438 407 921 79 546 770 394 427 591 616 
100
308 979 410 205 544 668 152 992 680 976 995 917 62 504 664 408 67 540 987 453 28 763 904 625 165 896 990 296 226 786 956 203 48 301 365 34 101 843 561 738 750 760 94 781 375 547 13 254 407 107 656 396 190 688 692 715 233 304 581 492 734 159 70 313 18 771 839 403 920 554 435 611 644 22 71 598 257 733 970 519 164 558 129 939 442 431 948 51 826 452 378 523 621 291 339 674 284 772 295 60 
100
330 769 552 350 412 878 282 684 989 68 738 106 469 373 633 65 893 459 336 85 48 646 967 899 770 538 723 968 379 535 606 622 773 339 638 169 876 307 948 471 384 76 175 627 707 224 865 61 941 912 375 958 302 119 238 641 318 256 979 905 949 345 346 652 474 14 529 810 838 382 443 441 640 383 189 699 144 946 687 870 726 923 898 563 568 322 689 815 31 270 595 875 644 848 973 179 740 863 582 84 
100
234 340 100 467 375 497 391 511 668 948 297 93 306 981 910 195 918 276 984 738 810 230 870 403 838 394 891 567 379 279 899 225 275 220 257 742 71 991 63 453 15 125 248 465 46 365 181 204 115 390 711 661 677 743 20 830 829 272 101 94 867 65 994 687 883 539 789 954 485 92 354 366 484 378 286 271 294 437 525 372 969 162 32 935 823 779 603 893 796 881 797 908 608 164 619 130 667 426 516 791 
100
127 55 500 490 932 653 486 889 123 756 891 915 423 435 591 163 598 149 377 396 478 250 638 494 871 504 554 329 476 700 824 805 645 660 442 257 996 924 701 323 987 107 934 686 838 734 556 272 771 382 417 355 528 224 600 547 374 509 429 431 77 675 15 480 597 14 724 831 143 815 380 281 69 465 207 760 595 812 36 907 222 568 906 169 345 822 344 331 44 548 201 670 361 897 884 235 294 882 531 592 
100
148 616 197 313 648 618 846 571 260 771 883 297 62 762 983 393 586 121 360 890 70 686 154 219 834 899 7 160 462 701 924 781 806 59 113 390 387 378 254 577 77 100 208 818 812 925 515 282 455 139 664 623 505 409 810 315 223 560 816 651 227 195 426 793 81 730 51 90 891 990 915 402 435 794 436 312 941 369 225 177 881 383 609 719 878 487 453 970 981 485 982 579 298 32 253 904 729 798 347 94 
100
480 983 879 243 707 767 177 221 919 650 220 426 358 887 143 443 958 660 385 209 399 940 860 144 654 791 353 506 987 61 477 284 874 649 256 279 90 798 760 877 361 970 895 824 553 265 70 562 393 757 834 82 969 754 54 901 683 371 88 705 914 813 582 577 602 374 74 135 162 495 446 772 972 631 270 522 244 40 942 211 737 932 214 763 805 19 878 900 544 994 450 145 334 957 75 711 85 158 777 842 
100
849 385 859 817 603 642 563 606 238 661 888 919 44 436 229 131 490 251 477 598 957 206 999 816 293 332 67 792 797 150 597 442 377 515 120 502 697 575 660 91 414 577 312 526 857 35 906 520 156 248 704 449 557 108 552 724 729 714 780 54 302 41 171 745 143 3 545 391 835 750 971 672 728 487 348 826 457 80 240 75 853 713 548 358 255 337 159 763 303 718 148 774 519 374 223 856 493 5 409 562 
100
742 589 771 923 353 290 128 987 419 833 197 716 149 541 917 916 699 792 389 324 597 8 981 118 535 805 170 256 68 786 977 809 61 404 174 627 3 543 921 696 89 86 322 168 650 749 478 681 258 383 192 935 565 656 249 189 275 263 181 645 444 150 151 336 277 924 567 264 425 764 726 582 970 695 347 328 379 667 199 678 134 703 866 257 751 908 894 930 329 80 647 675 311 562 790 929 306 888 542 97 
100
173 117 826 184 641 123 244 795 158 883 890 163 886 159 927 337 796 226 412 951 469 336 505 513 401 569 564 911 210 918 421 932 536 49 289 901 900 910 15 703 837 528 823 706 834 428 29 196 364 42 876 458 97 592 406 854 807 95 542 122 668 407 415 67 215 312 863 333 19 862 358 174 303 416 432 677 973 125 311 286 634 213 810 563 865 526 349 896 380 169 611 646 157 615 773 301 443 27 763 345 
100
862 779 169 455 277 34 582 162 206 388 757 658 218 987 398 365 54 9 124 865 205 266 920 491 566 400 635 755 1 33 360 29 55 412 211 166 477 890 517 701 135 520 540 204 434 381 377 347 319 464 727 67 366 423 850 190 719 603 575 900 895 139 203 927 497 311 789 88 514 304 877 766 799 976 758 982 256 584 111 907 960 288 672 950 734 339 923 909 425 446 656 539 451 970 725 977 605 20 863 327 
100
675 268 564 576 820 662 146 578 332 157 611 137 77 355 344 504 928 512 978 337 990 601 535 308 906 716 231 352 703 429 473 22 83 804 176 427 632 74 620 478 57 540 277 542 782 654 443 745 135 372 484 383 927 638 895 193 520 529 386 244 746 819 839 792 757 573 869 981 373 850 852 177 881 829 932 161 762 128 896 156 228 770 331 150 608 982 892 206 521 944 760 87 2 664 994 136 574 668 624 407 
100
189 937 754 455 630 948 303 296 554 949 577 722 638 373 998 386 191 953 150 875 180 32 758 50 321 149 755 205 109 337 60 919 26 487 773 827 428 997 15 88 218 395 249 718 887 513 951 723 830 254 390 938 499 609 500 374 588 484 25 833 170 234 633 449 492 637 211 502 772 24 608 219 136 526 152 102 33 874 426 784 681 345 947 7 913 96 38 748 542 683 399 190 121 957 278 820 804 697 703 175 
100
891 512 427 388 311 79 656 63 632 719 501 799 84 315 544 204 941 231 330 984 358 425 548 369 858 676 339 687 399 677 342 384 995 14 34 675 773 155 396 288 514 104 435 411 493 555 923 671 495 502 32 950 357 878 179 217 927 346 461 685 354 955 759 465 504 338 520 476 862 432 924 529 619 768 347 51 617 628 914 849 418 663 588 276 819 825 853 239 187 893 752 519 320 328 20 230 156 360 101 715 
100
52 273 558 281 785 854 552 449 62 539 11 18 933 513 731 966 802 223 601 474 322 109 93 160 557 485 883 651 570 124 59 844 30 163 737 661 45 479 777 824 203 481 851 982 162 470 185 111 951 881 26 420 948 685 686 664 90 173 740 129 294 83 339 488 314 758 130 606 232 229 599 136 269 50 624 166 976 380 112 75 48 708 309 478 19 532 393 118 73 335 793 189 682 159 995 210 114 243 573 333 
100
745 647 32 156 232 173 294 980 8 17 414 253 271 107 807 638 346 242 684 857 289 187 974 405 307 877 754 374 428 144 227 923 769 357 671 588 780 548 186 744 203 758 569 12 310 539 903 696 522 674 624 40 874 344 628 292 618 164 934 662 396 241 850 768 412 361 408 195 772 908 148 461 152 944 557 819 899 747 129 805 706 711 4 576 854 549 106 34 162 131 946 368 950 59 382 621 150 275 233 753 
100
782 727 919 413 787 49 714 388 389 676 914 64 86 675 547 754 338 670 544 749 944 187 271 490 617 977 773 252 931 820 167 211 921 210 704 283 412 489 791 87 736 299 947 539 302 337 898 967 278 817 27 631 314 253 949 518 400 203 53 365 10 971 846 62 639 1000 903 506 293 160 311 806 652 382 798 708 521 110 402 374 161 215 783 401 622 292 526 835 273 955 488 307 107 800 765 761 434 763 796 366 
100
501 621 577 42 714 769 898 217 194 947 192 931 324 552 96 630 645 539 273 827 470 129 708 215 488 253 103 352 732 314 187 163 298 221 846 117 510 468 427 602 339 209 484 181 493 310 503 278 809 855 71 348 207 50 448 225 504 336 270 686 902 669 433 335 737 600 290 391 127 760 261 859 295 930 677 92 935 564 939 64 608 7 148 790 69 4 874 971 770 886 549 767 172 124 471 862 928 178 629 860 
100
815 941 397 475 131 895 566 997 519 406 638 544 127 929 114 422 103 598 394 71 254 669 418 100 411 784 211 268 989 538 374 240 794 35 896 176 520 845 894 70 709 132 603 410 593 20 269 722 705 119 728 922 731 856 185 469 771 777 796 470 888 419 459 831 54 375 919 857 853 231 227 23 553 861 428 141 639 420 187 765 756 541 998 158 440 281 331 927 799 599 124 300 887 742 836 303 877 783 849 290 
100
787 596 73 380 291 51 255 869 945 580 901 422 155 95 560 599 442 960 120 494 824 761 9 445 417 139 767 838 56 347 374 496 202 143 85 471 241 466 854 601 267 375 320 474 394 624 451 909 52 940 64 816 800 290 780 781 594 101 84 546 197 772 191 933 235 154 195 719 724 372 638 614 675 830 199 542 460 106 754 514 68 692 366 759 551 585 211 189 492 104 338 923 404 955 398 853 480 727 19 141 
100
792 692 574 743 27 741 673 464 954 939 627 204 403 919 744 222 812 670 177 354 488 538 838 252 945 748 921 480 833 424 548 974 659 169 699 637 77 905 584 226 224 477 624 81 168 269 167 965 568 298 358 660 285 389 300 843 493 215 901 191 785 112 276 972 603 442 713 967 416 113 124 908 467 261 266 87 558 216 355 868 537 152 632 158 122 171 527 693 107 388 664 303 734 611 344 528 587 237 47 867 
100
268 626 638 142 41 32 46 891 11 63 199 695 851 124 953 613 345 236 636 979 646 78 111 92 390 658 140 255 731 645 363 828 14 877 834 125 166 221 968 905 752 586 554 238 426 385 688 450 395 52 982 837 70 381 291 513 823 808 821 681 203 458 79 295 64 416 529 928 76 191 234 610 201 793 609 145 489 813 241 669 443 205 932 110 85 964 996 958 751 181 531 284 969 102 853 650 466 290 445 162 
100
913 923 649 90 101 19 577 429 669 928 840 969 463 403 946 557 805 787 82 151 848 544 876 294 821 21 145 84 95 309 814 719 919 776 999 212 745 656 355 434 383 954 525 485 317 350 494 66 712 653 989 620 102 112 113 627 146 723 250 12 553 74 341 136 293 941 30 880 737 432 528 659 861 442 548 849 332 372 284 985 362 415 703 715 483 168 493 890 316 475 930 304 296 996 448 318 319 217 856 270 
100
16 646 640 610 544 834 306 2 643 972 234 420 418 754 466 774 247 897 36 557 574 322 56 675 159 787 266 659 171 163 568 11 842 547 131 443 779 66 973 7 923 106 571 968 327 856 360 662 126 198 529 660 291 623 609 771 273 40 588 717 744 444 713 49 132 302 951 598 463 900 73 46 87 60 840 469 210 573 82 130 142 260 282 218 940 941 243 472 970 564 445 245 995 629 5 404 226 871 930 298 
100
517 299 173 719 191 329 333 71 805 394 766 14 92 799 537 337 95 628 426 947 718 265 359 135 548 40 673 360 459 109 205 704 158 812 189 691 84 574 396 259 529 381 965 744 918 307 723 65 134 621 522 35 44 767 188 268 853 202 317 56 527 346 609 463 825 107 221 414 20 435 9 305 989 210 424 711 371 748 477 771 896 946 59 289 535 101 566 411 555 762 620 1000 339 604 626 501 556 842 859 581 
100
283 267 422 43 700 593 22 41 234 730 367 594 758 207 913 411 370 112 338 139 690 770 322 995 640 394 678 880 334 542 182 63 202 879 485 451 874 62 296 305 161 92 955 33 200 56 947 608 133 316 616 846 286 473 688 541 936 449 431 293 740 383 976 772 894 135 344 986 950 973 707 774 471 935 337 28 289 797 507 309 567 720 630 302 11 881 668 125 77 712 313 348 216 934 270 629 828 144 232 715 
100
304 409 492 470 821 700 905 587 786 691 622 272 294 798 132 703 523 878 473 429 398 189 540 277 360 255 476 997 390 575 201 883 934 152 375 679 420 318 281 741 954 246 661 608 105 651 279 359 556 828 584 840 475 731 950 919 416 245 483 580 17 621 543 553 728 693 769 127 172 843 503 283 295 146 161 187 907 873 982 460 635 999 654 167 505 706 818 305 119 73 862 643 895 530 589 417 348 299 123 182 
100
401 463 778 404 864 590 505 131 336 153 434 921 200 296 289 473 523 704 597 998 967 756 974 989 579 124 898 469 310 736 797 427 141 888 763 938 128 409 874 711 100 283 521 759 179 341 903 525 779 625 871 608 769 638 909 828 294 531 36 958 564 282 241 395 332 119 426 840 538 432 218 712 498 433 46 811 472 355 448 661 308 33 926 105 2 588 848 850 139 491 446 624 607 653 233 220 172 333 180 671 
100
171 948 630 698 416 882 634 242 950 343 20 81 146 561 459 809 492 438 579 28 368 989 528 804 6 482 562 774 988 221 103 970 737 4 822 629 49 689 537 202 235 995 17 524 262 597 586 841 224 169 542 510 270 352 133 350 674 691 694 573 966 156 126 257 571 283 960 893 65 113 872 835 491 336 721 294 729 308 572 183 399 39 437 650 312 74 944 779 240 309 325 976 993 502 243 971 495 254 565 626 
100
700 117 493 127 922 162 785 772 259 612 236 132 503 21 571 256 46 610 743 94 976 576 675 537 146 303 287 36 691 651 72 319 704 807 53 461 170 666 456 541 251 341 403 213 708 950 291 274 467 795 690 970 977 893 528 845 109 91 266 360 557 697 200 397 694 715 550 69 936 843 849 810 120 903 783 217 723 116 905 696 197 300 915 123 687 729 680 378 96 62 767 604 942 49 965 736 923 233 582 57 
100
429 225 344 500 811 398 268 373 530 31 211 471 62 925 835 700 191 713 408 395 288 877 565 615 410 252 403 281 771 639 563 575 806 475 990 849 215 356 571 392 830 957 997 683 376 417 676 590 890 809 509 52 802 557 159 293 845 846 525 369 920 893 367 585 188 405 422 537 592 33 349 758 714 116 619 20 461 933 859 9 5 490 706 265 622 298 162 588 851 576 37 958 657 235 287 431 979 711 115 777 
100
7 447 355 339 568 273 741 116 526 99 726 480 358 420 861 375 49 873 778 162 970 820 338 52 613 638 921 123 824 473 171 607 656 265 636 482 466 944 297 109 131 102 36 231 152 2 84 195 468 185 802 987 115 811 364 742 895 397 282 469 584 596 320 224 232 776 105 844 488 234 390 118 708 491 229 80 461 391 865 177 578 210 291 628 860 830 887 423 172 275 942 110 31 653 217 581 111 14 422 361 
100
696 625 779 704 508 920 91 900 685 495 572 95 682 363 874 134 995 736 498 233 856 560 466 615 346 244 138 497 441 475 225 430 165 558 991 435 720 658 923 145 150 619 4 918 650 709 945 477 125 746 765 173 535 178 261 641 440 718 136 749 113 629 360 223 675 398 28 336 409 359 212 949 782 443 48 380 374 394 868 864 364 858 828 649 188 65 117 431 450 123 56 213 314 170 906 970 114 521 617 207 
100
972 75 702 481 458 170 160 968 366 838 762 341 321 566 224 308 301 583 871 613 417 444 863 695 282 571 500 122 607 885 32 542 380 717 288 514 43 589 707 775 248 156 540 655 810 710 354 172 31 436 879 57 222 117 877 677 113 196 23 681 110 195 464 519 676 951 324 428 344 601 303 44 420 136 712 701 331 925 98 802 776 478 945 266 27 259 138 15 24 637 234 670 912 429 55 63 49 765 102 173 
100
972 289 65 979 305 220 74 117 324 313 482 545 132 265 21 94 812 183 2 1 237 272 533 863 681 600 24 596 787 895 625 591 69 985 850 760 846 467 911 647 552 195 774 891 57 129 219 181 284 28 670 885 152 567 724 50 547 684 82 30 715 736 233 717 829 221 675 866 332 790 694 763 994 739 860 449 179 848 217 960 244 618 200 292 936 844 316 301 686 988 261 626 212 42 96 339 27 71 411 868 
100
772 813 643 856 914 250 749 36 181 313 231 427 160 315 35 581 763 475 472 126 46 255 629 76 848 20 589 537 80 55 882 923 583 767 681 202 339 462 253 958 721 379 778 560 3 716 483 561 319 130 488 405 119 1000 961 14 525 973 770 804 293 343 889 212 894 356 264 567 79 899 199 275 161 866 468 247 495 963 788 312 270 858 371 145 30 191 949 541 301 289 169 154 172 784 556 421 308 741 611 642 
100
422 128 82 450 111 953 812 98 548 647 46 92 31 659 740 416 731 751 544 8 281 509 872 778 587 559 200 149 930 783 255 179 830 644 488 60 972 161 22 327 240 484 996 648 895 100 230 965 811 209 813 396 253 981 773 337 264 730 453 143 971 404 286 432 514 110 880 818 722 533 504 289 829 306 80 746 560 14 760 112 38 79 319 719 384 603 185 682 934 524 502 433 797 315 298 69 982 183 130 534 
100
186 206 748 93 294 112 724 263 550 58 556 967 62 970 405 790 380 13 15 235 269 198 983 287 266 818 454 466 249 273 165 133 155 893 565 137 913 701 684 950 268 361 912 441 840 420 682 490 278 704 851 451 623 650 664 902 655 892 89 427 243 920 747 714 104 71 749 6 458 951 393 505 98 387 449 456 754 150 209 643 142 284 848 333 496 103 347 515 498 177 857 693 154 343 169 367 78 564 752 148 
100
497 590 315 491 199 628 32 618 577 110 190 762 130 258 831 163 192 16 310 76 341 265 248 524 275 509 256 459 650 528 866 996 615 561 716 460 636 576 546 752 174 797 645 104 298 675 759 649 366 478 370 548 250 610 532 602 604 952 447 495 378 382 773 462 920 789 995 69 44 350 230 124 143 882 113 214 560 588 128 368 887 506 940 101 375 108 653 633 43 346 856 840 562 575 90 19 469 490 279 839 
100
621 649 608 678 50 159 646 2 757 765 3 89 302 639 688 252 281 592 477 345 188 741 511 529 393 992 648 737 910 482 860 865 561 46 530 907 939 42 379 749 972 698 798 596 645 27 467 286 638 229 882 899 210 52 340 800 637 366 922 758 830 504 28 96 382 61 468 33 733 408 1 240 93 584 22 185 414 402 237 781 886 100 32 932 876 371 951 889 475 253 319 184 949 587 768 859 86 979 821 367 
100
694 889 426 666 720 900 840 107 940 193 146 846 189 804 29 781 241 334 485 822 724 420 849 132 878 979 313 684 69 206 114 741 663 887 803 25 81 646 150 559 917 44 560 196 573 48 119 726 311 823 590 675 377 623 299 47 31 872 159 801 484 173 169 58 174 739 8 899 76 701 522 143 345 547 548 628 165 204 139 162 282 412 975 850 201 981 687 857 13 425 984 353 277 502 506 980 149 731 452 938 
100
842 709 335 537 818 853 467 683 674 268 739 971 251 387 485 258 519 843 812 2 673 630 333 20 421 817 296 56 323 898 346 577 682 408 885 643 541 810 915 265 607 721 448 720 411 77 777 605 235 292 443 920 358 271 896 214 864 282 724 954 53 463 354 967 458 496 501 195 960 406 277 502 461 959 997 491 634 447 904 878 480 719 428 128 850 710 278 622 826 405 76 531 231 253 291 562 427 431 593 418 
100
163 918 408 109 162 983 882 649 185 53 539 157 61 621 406 503 612 946 585 940 378 566 699 849 575 547 229 583 834 920 626 164 707 9 618 243 922 855 337 63 520 26 208 596 197 72 376 518 548 917 604 543 800 605 784 301 91 141 448 495 265 222 221 277 127 171 359 953 356 401 415 804 66 175 958 790 438 371 949 739 875 464 846 584 188 461 845 101 1000 565 587 981 773 176 89 276 751 838 23 559 
100
580 294 42 587 177 838 891 85 27 452 491 407 145 481 433 984 723 68 968 280 51 743 849 556 747 880 601 252 240 692 289 296 564 539 623 524 501 852 706 555 971 873 589 705 671 389 292 823 40 665 432 287 581 386 521 877 790 597 678 803 682 792 905 944 667 282 341 450 559 646 502 349 756 588 270 693 932 9 306 652 302 868 65 474 514 482 894 186 844 861 375 330 255 541 546 447 305 399 81 458 
100
513 76 456 311 804 133 786 982 489 702 859 338 509 869 152 206 340 764 565 600 372 742 892 428 625 644 16 439 921 971 293 845 43 633 899 667 219 770 275 830 156 373 967 387 955 641 320 172 895 82 8 618 282 989 486 932 976 380 680 504 717 231 83 534 714 936 947 887 640 901 844 748 676 81 41 917 251 460 517 675 607 511 664 421 218 444 661 254 547 655 838 354 757 987 287 721 411 863 499 491 
100
572 117 114 479 18 507 842 474 905 467 733 60 876 941 449 245 443 206 373 306 890 26 445 651 81 966 983 173 773 659 212 927 756 405 313 276 989 421 513 36 126 562 938 668 886 674 35 41 892 125 970 240 274 295 830 502 331 291 1 154 681 995 354 961 973 135 98 152 319 370 579 115 95 411 108 576 222 455 581 575 278 38 217 535 887 495 450 134 893 525 417 549 484 308 454 759 968 975 94 324 
100
972 528 232 908 419 249 709 828 278 398 475 60 483 736 428 502 591 341 414 355 104 494 258 88 650 9 518 476 976 293 622 89 202 679 657 265 716 380 768 261 437 851 570 381 676 762 727 510 920 612 260 600 417 199 741 178 386 698 113 118 33 900 753 313 187 216 390 170 592 439 233 765 781 68 842 640 473 625 491 537 717 641 981 53 257 973 271 569 148 134 64 50 846 230 137 804 145 820 829 894 
100
981 322 472 243 582 235 579 614 709 506 125 688 842 211 554 350 126 302 911 397 674 344 821 504 767 301 509 433 122 140 202 522 401 117 170 382 746 278 467 222 346 807 957 124 98 51 458 877 944 702 265 31 919 162 778 694 796 932 572 469 313 797 817 924 978 378 34 588 28 790 465 11 345 720 17 97 558 630 727 181 664 495 584 899 798 945 95 794 286 811 929 336 633 479 79 78 383 486 107 813 
100
856 624 88 978 489 127 21 707 601 96 992 510 14 518 253 654 953 40 13 658 763 768 41 887 712 973 751 746 372 758 73 641 883 59 147 460 678 834 436 602 756 857 995 354 8 831 575 33 767 716 378 300 847 476 517 536 920 863 446 898 986 333 844 819 585 975 792 170 86 91 773 569 308 650 618 178 906 299 404 105 745 913 921 890 736 82 115 516 187 496 184 10 120 682 570 772 689 791 588 229 
100
754 381 335 914 7 228 47 323 189 433 545 622 726 900 852 6 247 992 82 299 337 348 368 12 794 551 943 353 186 725 784 661 568 709 155 305 484 600 197 41 277 250 654 211 901 912 125 684 803 607 212 614 616 779 553 385 430 303 346 264 648 718 26 454 505 615 244 70 913 322 365 620 605 646 94 463 233 732 158 107 720 289 868 530 242 856 681 583 689 304 511 785 177 351 434 923 331 450 889 461 
100
344 734 932 326 157 92 873 335 962 175 522 190 20 492 391 33 124 207 426 776 115 874 618 653 222 83 977 777 596 857 361 266 372 454 48 525 169 842 385 363 457 749 830 469 578 606 783 459 657 746 605 958 165 945 885 897 967 520 19 646 42 355 130 343 500 911 378 668 811 353 398 920 835 60 544 691 162 176 739 856 49 693 325 214 50 767 954 831 417 301 21 728 837 332 780 647 349 1000 375 210 
100
403 972 851 280 146 956 283 761 723 537 714 130 750 914 692 415 57 152 538 234 645 193 111 161 251 548 545 255 776 87 312 934 803 407 685 911 144 547 99 223 230 751 101 262 389 323 897 100 303 159 881 440 789 846 496 841 453 766 795 516 227 375 1000 261 697 596 965 837 613 993 216 493 360 78 260 143 913 604 271 860 174 602 359 945 468 151 270 632 650 553 741 773 705 774 392 208 566 378 541 887 
100
913 779 267 790 17 1000 377 919 316 531 333 870 653 716 877 673 58 558 362 562 4 630 612 934 942 735 611 544 908 797 633 396 93 777 575 184 552 628 951 900 857 881 284 529 995 805 813 835 170 434 547 654 644 746 933 718 167 914 368 512 740 680 369 923 435 729 216 541 839 6 79 187 525 453 260 678 175 391 279 751 722 9 433 840 205 490 871 82 968 345 171 421 98 291 863 584 145 789 711 224 
100
934 656 744 244 822 653 324 519 383 863 306 738 878 12 583 95 399 23 17 78 894 696 349 297 476 29 746 778 279 372 345 827 329 38 707 545 764 162 10 861 752 397 272 376 270 91 758 893 197 862 865 475 800 148 195 134 940 362 732 950 214 774 611 983 907 506 137 304 542 118 933 830 623 836 796 701 767 132 463 715 305 271 939 711 706 881 453 172 9 998 437 901 141 253 328 450 638 968 76 908 
100
974 928 937 445 721 744 319 166 624 230 82 344 178 531 625 795 636 882 952 439 871 13 728 114 917 530 157 856 81 628 43 548 753 717 70 247 498 354 420 794 462 193 158 453 37 547 809 622 850 21 260 130 611 686 614 571 83 689 368 304 845 171 612 324 631 694 758 160 916 511 2 552 165 978 790 146 415 581 983 233 69 662 286 489 77 206 761 23 442 903 797 12 407 724 234 807 58 152 948 648 
100
767 347 153 499 961 552 228 643 135 566 528 120 900 514 819 68 343 502 745 967 373 711 303 842 225 717 227 224 484 857 928 597 784 417 618 594 233 248 859 984 123 670 690 926 831 788 346 923 13 401 968 316 586 519 255 741 166 973 903 948 671 645 905 511 437 89 299 599 399 392 382 636 459 888 296 456 963 43 694 861 997 14 576 446 611 416 752 553 873 278 467 826 381 619 847 743 254 121 527 287 
100
609 708 139 293 433 19 687 891 914 942 100 92 151 507 487 647 1000 727 872 568 406 434 158 462 188 192 298 681 729 14 799 67 253 457 147 41 882 254 435 849 291 543 156 772 976 12 28 404 180 745 368 855 181 562 479 490 215 110 244 619 29 992 839 150 509 974 759 449 42 165 925 747 965 24 459 707 95 764 219 981 604 269 648 905 918 714 886 774 548 705 238 380 915 677 384 316 523 65 61 734 
100
361 858 744 738 455 316 36 452 842 996 757 926 954 344 280 572 986 246 765 480 828 241 706 888 732 437 676 96 565 140 105 500 733 125 960 5 638 662 555 198 585 427 904 384 459 463 740 963 571 460 787 525 875 864 293 259 737 346 325 413 453 217 790 58 399 77 65 799 310 852 885 518 989 808 700 150 122 661 545 550 90 442 311 458 167 7 349 823 240 239 17 982 646 866 286 701 626 390 909 401 
100
862 820 506 830 808 910 188 104 949 720 257 818 912 388 799 534 375 287 102 895 270 809 433 119 137 121 663 925 786 352 27 549 296 370 400 894 754 589 392 38 609 207 129 981 33 852 915 338 944 109 123 571 528 216 678 890 685 277 6 62 946 3 474 209 394 274 174 422 472 542 658 170 921 348 551 882 989 871 713 785 215 680 69 826 570 189 171 668 333 877 288 468 920 708 823 748 471 356 469 716 
100
588 509 188 603 784 344 813 431 189 235 202 70 594 684 424 683 113 203 327 348 79 270 738 689 925 426 722 275 966 128 674 169 106 41 519 396 391 406 795 910 729 171 6 122 57 818 296 69 175 802 505 126 196 628 903 611 55 417 172 985 293 816 606 887 253 230 759 436 714 466 645 148 437 236 637 552 934 756 730 969 482 507 886 309 615 75 630 380 904 613 99 524 634 412 182 342 737 14 340 438 
100
328 282 820 452 830 799 362 257 526 137 460 702 791 268 191 672 397 752 293 295 468 28 212 518 247 916 319 935 408 774 840 273 522 115 479 531 798 843 488 553 405 465 542 627 481 732 146 979 162 143 203 224 805 407 814 927 27 656 476 280 699 389 858 133 740 815 81 54 738 675 734 833 221 244 50 955 116 992 725 868 147 66 106 492 848 79 385 949 817 985 207 393 246 25 358 415 586 785 996 972 
100
96 122 555 820 250 302 469 642 335 541 231 240 290 512 817 799 432 43 57 834 195 518 633 200 751 946 827 767 622 397 136 1 661 291 444 954 92 513 715 32 261 269 203 354 234 854 284 127 188 896 394 538 64 825 957 49 964 410 926 2 583 68 971 815 915 704 711 923 525 58 183 992 644 283 588 113 133 71 546 323 359 163 695 380 7 696 446 139 416 447 680 244 876 464 280 272 594 176 847 730 
100
993 873 915 388 280 376 941 949 981 35 876 891 626 196 447 641 308 169 673 207 380 59 128 977 415 345 122 503 906 399 335 247 258 998 525 838 149 477 836 612 19 560 328 607 996 151 834 689 445 133 174 680 448 92 760 595 910 699 431 971 435 231 605 359 329 114 547 856 450 311 565 804 226 330 958 707 408 162 402 972 39 533 138 184 794 80 313 406 297 168 828 73 291 102 121 694 61 742 52 731 
100
205 771 14 293 628 567 537 895 74 854 404 948 437 774 93 608 677 397 9 517 930 179 222 794 798 188 714 565 168 607 652 107 226 458 471 317 769 277 340 15 26 230 451 463 528 916 661 273 28 473 686 543 435 336 10 764 59 876 599 25 433 295 420 411 622 221 536 743 518 232 822 455 263 126 424 643 777 482 330 490 156 797 408 928 809 958 818 171 578 423 425 869 655 991 735 254 692 770 592 298 
100
663 563 470 708 385 369 184 856 869 312 25 118 514 100 667 334 529 435 23 381 68 826 835 681 423 910 611 489 541 27 387 314 55 40 145 28 401 295 22 258 582 904 943 285 186 8 716 11 439 825 600 507 535 797 123 411 553 645 183 410 974 413 259 296 112 679 388 1 344 567 311 370 16 5 922 502 436 166 740 283 425 556 479 929 444 993 509 463 969 701 75 203 377 599 768 936 588 699 989 665 
100
85 485 949 690 830 920 967 317 236 936 904 303 469 165 674 641 505 205 83 823 664 522 268 743 299 668 895 19 502 872 116 543 248 493 186 447 383 521 36 446 846 923 759 344 903 738 721 852 741 365 357 399 977 596 919 44 212 66 602 208 407 173 75 698 179 862 503 932 819 46 695 639 757 751 283 767 667 10 251 149 514 876 518 976 102 393 427 178 714 59 370 808 100 941 338 700 877 610 851 157 
100
127 681 17 527 810 636 559 840 565 723 494 553 996 530 941 194 287 911 211 737 552 61 655 173 949 465 119 497 451 221 167 639 349 235 401 556 184 698 505 649 136 469 833 311 783 319 670 694 486 63 532 457 411 361 289 724 245 310 286 303 769 281 544 605 43 813 641 781 408 892 306 908 456 721 29 352 374 327 969 66 267 262 876 260 263 921 614 551 453 169 406 255 526 356 118 508 891 334 91 965 
100
738 450 546 925 85 592 874 249 56 70 601 928 736 494 561 774 628 690 268 504 745 99 634 475 370 876 462 501 649 965 559 829 571 442 607 907 459 500 454 813 904 817 548 832 76 382 486 33 368 637 705 178 256 553 129 803 768 296 277 263 822 945 223 100 339 321 303 555 45 997 265 481 605 811 698 363 861 976 238 511 969 379 506 635 15 58 38 108 317 401 198 618 384 884 472 544 364 947 848 42 
100
124 810 533 870 424 456 146 675 410 488 338 236 648 517 871 769 297 140 482 418 44 87 310 155 744 815 19 649 943 703 846 652 728 798 626 341 978 764 228 688 119 324 965 289 779 657 641 45 707 759 925 77 51 293 835 105 446 177 188 399 666 275 619 774 1000 847 183 67 541 805 144 36 680 319 109 247 927 551 700 436 679 79 323 839 279 832 624 639 900 159 651 263 727 937 460 621 998 818 372 813 
100
7 870 294 611 41 746 865 130 692 525 830 586 142 451 668 17 399 96 508 589 391 483 129 917 551 556 462 527 460 365 881 519 867 143 442 351 979 503 594 339 682 210 522 953 883 880 197 662 654 139 226 873 985 381 265 612 99 805 854 117 627 291 919 396 341 492 676 418 476 393 961 998 646 147 540 749 480 239 40 921 436 770 477 303 429 23 459 965 529 46 797 960 458 346 592 52 374 287 304 966 
100
498 704 563 609 494 213 239 328 796 522 218 877 472 194 159 413 519 896 298 143 807 793 667 412 741 825 36 397 753 988 815 285 278 617 925 936 836 111 338 240 744 493 308 286 777 509 948 934 50 980 116 868 154 702 41 97 356 323 595 417 776 809 827 949 371 447 24 954 255 120 978 164 835 929 865 683 85 468 894 331 802 4 718 274 561 554 450 763 326 804 77 473 70 790 187 910 660 258 904 895 
100
163 510 960 490 728 334 149 392 950 448 489 651 896 363 833 951 318 407 60 368 21 6 860 438 261 669 4 397 29 463 797 762 367 908 203 792 787 801 720 615 965 144 191 777 879 333 567 54 109 107 329 98 478 442 495 57 87 925 511 726 633 699 386 252 76 949 592 437 182 384 23 618 127 97 760 616 674 359 952 704 413 517 321 417 783 268 550 74 293 652 701 907 744 594 493 215 582 160 697 822 
100
268 653 441 52 372 568 1000 41 339 347 524 430 200 975 575 115 323 924 626 232 251 753 642 669 446 695 637 662 471 651 770 458 263 47 85 822 308 353 860 538 225 913 939 720 974 210 291 831 526 548 890 549 369 447 160 918 450 536 20 127 931 358 313 23 379 103 928 634 517 891 434 677 870 439 32 727 218 414 552 584 556 151 883 572 940 905 968 786 258 349 465 882 97 711 923 569 684 431 280 777 
