100
5
9408 2407 3946 7025 5645 
5
2827 1497 289 9244 8981 
5
7539 1022 5230 5769 3052 
5
4700 8140 2637 2069 7880 
5
7680 8826 751 3549 6095 
5
1023 6879 1250 2405 383 
5
972 7071 160 2458 8900 
5
6407 2655 6691 3771 3400 
5
4433 8161 8657 7843 5272 
5
4921 3195 1865 2654 8620 
5
2598 6094 3089 3972 9788 
5
729 3586 4956 5379 1984 
5
1917 8651 4590 6448 3068 
5
6552 238 8068 1549 4348 
5
9932 7144 9026 8306 7039 
5
7122 2863 8557 730 6215 
5
2986 5141 6606 6466 4323 
5
9058 8245 850 157 2778 
5
5024 396 7860 5829 6643 
5
4849 7625 457 1367 9831 
5
8839 6585 8521 8042 6338 
5
1028 6180 7086 8195 7042 
5
266 8091 3514 8826 2959 
5
9157 8612 2792 8636 7867 
5
7809 1400 5584 525 2705 
5
9513 8951 5878 3920 8682 
5
5534 9826 561 5520 2238 
5
7800 7397 141 9174 3958 
5
2282 2376 4248 472 4600 
5
1651 5536 6297 7813 4164 
5
9735 5407 9541 4169 8460 
5
1796 6568 1485 8684 8559 
5
1911 4262 740 3576 7382 
5
3215 668 5695 7678 5262 
5
1171 2277 6471 4887 2462 
5
6184 9583 704 7258 5985 
5
6637 8274 9469 2676 397 
5
1614 7263 8871 4168 5658 
5
6917 1800 1356 1699 5167 
5
1362 8898 9738 1496 9773 
5
822 9649 6182 1499 3148 
5
935 5792 586 5321 30 
5
340 2554 9819 3130 2681 
5
2786 229 2221 7863 4161 
5
2512 4183 2469 4962 2100 
5
3538 4707 6933 7507 3505 
5
6817 3226 1747 5588 7077 
5
5032 1615 2564 7629 7987 
5
8860 1585 5692 5514 6527 
5
8518 3370 1887 3120 6499 
5
9675 845 5267 124 9042 
5
7888 7714 202 4130 5109 
5
42 2674 3694 797 97 
5
4464 140 1311 3343 3801 
5
1206 4319 4339 6451 8642 
5
3316 6797 5978 1807 6592 
5
4124 2539 1011 3889 1534 
5
7429 6999 8781 1745 3185 
5
6735 2519 6780 5221 5130 
5
8710 1285 1544 6976 7066 
5
1407 2827 3675 3234 7660 
5
7760 6226 7100 2954 6950 
5
2368 7264 3879 5113 4289 
5
5899 1581 4205 9299 1547 
5
4679 9634 3984 6796 6479 
5
3045 5818 1366 3104 2673 
5
4277 8826 2570 3585 3267 
5
643 7061 8465 9674 5686 
5
7532 8081 2314 6898 54 
5
751 5587 5762 6393 1799 
5
8212 8984 5322 2257 1391 
5
5642 1357 4311 4706 1231 
5
5794 195 671 7272 4199 
5
8621 707 1219 3205 4658 
5
7328 2315 8965 3060 7811 
5
7147 9322 7670 1126 78 
5
2750 515 9416 3079 4990 
5
3214 3240 4696 5963 8389 
5
3102 709 2108 8964 7788 
5
1319 5971 6971 7419 4504 
5
2044 6820 4115 938 4978 
5
3642 6810 3136 6054 8253 
5
7075 4812 7497 8697 3171 
5
4376 5206 5336 1748 6592 
5
5435 9854 6668 6798 9790 
5
6839 4359 7009 4265 551 
5
1020 5752 4615 5092 7609 
5
4376 7575 2921 8741 7689 
5
706 9940 7224 6631 6418 
5
8279 6576 6261 6870 1298 
5
8132 7114 7273 8803 7742 
5
8926 8160 2806 8957 6561 
5
9543 4533 8946 7720 7035 
5
2535 8553 5210 6580 6341 
5
8447 4791 2190 8432 3745 
5
1327 8153 4902 1012 1387 
5
7835 965 7874 8046 1155 
5
4013 4033 1474 6518 432 
5
9445 4336 3711 5835 6190 
5
8241 6279 8434 8777 8676 
