1000
5
8588 4430 8024 2373 8181 
5
7314 200 1092 7223 2409 
5
8242 5498 2314 2478 9806 
5
6747 4421 1908 6870 4484 
5
2223 1885 5315 8254 2879 
5
8156 6143 8833 2865 3092 
5
24 5210 3473 6869 8456 
5
8169 7263 6972 4313 8984 
5
2721 5538 2889 7681 8288 
5
2475 6185 7669 9699 5686 
5
1575 9460 4176 4472 797 
5
6387 8239 2166 5549 1344 
5
5883 2004 8844 7269 596 
5
5032 9220 7794 1435 4245 
5
8493 662 3126 6234 5934 
5
928 2541 3104 251 755 
5
9712 1026 8376 4291 8694 
5
9468 7284 6123 527 3252 
5
6953 5012 1168 546 4998 
5
4419 3458 3119 7648 7127 
5
2221 6152 2059 7399 6221 
5
1917 9585 5300 6377 2237 
5
5355 8497 6430 1787 3373 
5
1904 8458 1848 7470 522 
5
3578 2040 1941 5434 8853 
5
1397 3203 1536 4031 4294 
5
6138 4882 1289 3834 9249 
5
5467 4112 9186 4736 9778 
5
6769 4785 5766 5703 9363 
5
1311 5159 9319 2093 3493 
5
5876 1294 7016 3162 2235 
5
1821 1644 7040 9811 4670 
5
1917 4206 8647 5742 2343 
5
3250 2474 5535 3853 4644 
5
9392 5499 6533 8342 9174 
5
2939 1993 8999 1006 5616 
5
4306 188 6128 4898 6802 
5
9100 693 408 5518 9357 
5
559 7210 7199 2275 6513 
5
4911 2014 4480 8189 2123 
5
402 6044 8134 2072 1918 
5
609 2654 3472 1174 1248 
5
416 7183 5743 1085 5425 
5
7027 5938 1368 6444 2784 
5
4086 388 7775 1211 2499 
5
8675 9777 9160 9385 5290 
5
853 4362 3889 7557 9478 
5
2581 8751 4052 43 7158 
5
9582 4045 9242 3552 112 
5
5855 4280 6485 8115 9486 
5
5543 9391 3123 4082 8745 
5
7458 3495 5915 1616 7657 
5
7619 4679 4635 9001 144 
5
6060 6130 7254 9662 1611 
5
3095 9351 3902 5865 918 
5
1296 3484 5992 5116 5269 
5
1955 3445 8979 9197 7975 
5
6935 3206 8441 6040 4187 
5
7441 1456 1590 7361 5888 
5
4615 4779 9401 2940 4587 
5
9103 8850 2906 6420 5748 
5
9676 1175 5948 2631 4894 
5
7109 2860 2225 2483 5920 
5
5557 2523 9071 5390 4490 
5
2167 1901 6275 3577 6628 
5
2528 238 2091 7789 1676 
5
4761 3605 6720 2297 834 
5
6361 6527 333 4774 7704 
5
4970 4685 7316 3543 125 
5
5161 911 8534 3594 1125 
5
7111 5403 2748 1772 9387 
5
5311 750 6461 2848 428 
5
6017 9453 6963 20 6612 
5
5709 3347 4419 5199 401 
5
3893 4162 2175 7823 5974 
5
2567 6056 7189 9154 8333 
5
2199 4816 5368 7656 9600 
5
1205 6661 4493 702 3810 
5
535 3354 2352 1025 8353 
5
7941 6063 2039 3998 5719 
5
5803 7297 1443 3762 7633 
5
8819 1232 4398 3459 4695 
5
3706 3708 7502 2204 2959 
5
2054 2436 3295 4210 9350 
5
1604 1625 1609 3418 6990 
5
9551 7862 8521 9658 4483 
5
8739 388 3492 3698 1185 
5
7195 9548 7830 4210 2307 
5
9849 8334 2944 3208 1961 
5
30 1314 659 6797 3660 
5
9947 9973 7874 5571 6278 
5
5888 3863 4642 1235 7218 
5
6348 535 6466 3148 9819 
5
3546 8236 6601 8036 261 
5
8549 5284 5432 7973 5357 
5
9706 5217 3821 3113 5706 
5
5020 8518 182 7922 158 
5
7915 9527 4179 8133 1168 
5
7061 9921 7545 6127 1672 
5
5335 1499 6649 4666 3269 
5
3471 9058 2334 2099 3746 
5
6209 2316 9948 7966 7588 
5
1422 2824 7296 2865 1976 
5
5299 3949 4725 6390 6453 
5
611 9073 8892 7248 3534 
5
5874 2320 6197 634 7094 
5
5147 9084 4717 7434 9669 
5
4271 1341 4641 7519 7877 
5
680 6680 7986 803 1171 
5
1536 7764 8954 2539 439 
5
2156 3046 4462 3185 3558 
5
5676 6681 7335 945 4919 
5
4062 7774 441 5860 8231 
5
3745 280 4373 3626 269 
5
8617 4194 5752 768 3685 
5
3007 7525 9955 5042 2353 
5
1471 8894 7921 903 695 
5
3137 5499 3786 2898 9843 
5
7255 1116 9845 5110 1653 
5
2070 3090 4936 954 6341 
5
7269 8830 1485 3124 5324 
5
6802 7112 2560 7110 7109 
5
6700 2751 2681 7777 172 
5
9890 8005 4047 1726 9395 
5
930 1726 6789 486 370 
5
4069 4037 2857 2966 1004 
5
8151 8311 7377 5028 1741 
5
1247 4346 4372 4877 5279 
5
820 2596 6290 6223 9 
5
8434 2873 2348 6601 1670 
5
5647 6498 2422 9297 6788 
5
4327 1782 4013 4441 5949 
5
8576 5001 584 3847 582 
5
7430 5427 7172 6252 35 
5
7724 9557 2578 8970 7679 
5
8618 5656 4379 5390 3378 
5
7074 4808 5867 2334 2401 
5
509 7719 6162 9971 7290 
5
8485 3150 3635 5356 2524 
5
2395 5927 1951 4280 2222 
5
3967 5137 1279 658 2989 
5
6256 602 7179 1989 3163 
5
2103 9306 9853 4668 7482 
5
3206 2423 4433 6333 1405 
5
2198 1782 5503 8567 6402 
5
4114 2121 371 2531 3339 
5
4839 6384 3081 9224 2377 
5
1352 8866 5908 3163 514 
5
2298 5738 1453 3199 1900 
5
5396 1342 8076 2096 3843 
5
2675 5656 7401 8478 6595 
5
8972 685 6644 4513 3260 
5
4606 1793 2761 8999 1408 
5
101 842 7323 1055 145 
5
8827 7637 6871 3673 4780 
5
8332 5249 2072 9684 7511 
5
4517 6741 559 5838 5656 
5
3979 7341 616 6717 4774 
5
6168 9149 3325 3705 6405 
5
9841 4339 7742 555 8506 
5
656 3420 3993 1317 3044 
5
6672 8948 6635 3618 9909 
5
7283 9799 1649 6230 9867 
5
6461 3653 5805 4734 8916 
5
990 5496 5312 7622 230 
5
6526 202 8241 3342 403 
5
2551 9189 3824 5136 8439 
5
2295 1431 5334 7166 1996 
5
6525 7766 7429 4161 6196 
5
6342 3682 4173 6281 736 
5
4262 4586 6915 3419 4261 
5
5249 6324 5903 3893 8614 
5
690 5694 3846 8845 581 
5
7979 4128 6512 6185 9824 
5
4277 7115 1340 9393 9546 
5
5684 1921 569 9787 8958 
5
5934 9593 541 7842 80 
5
5386 144 4292 2842 1420 
5
6601 8801 3554 1188 7088 
5
4240 6211 8006 6393 7767 
5
4566 711 7182 6204 1909 
5
6253 6772 7903 9226 1481 
5
2432 7665 7236 3816 5561 
5
2870 436 1015 7910 5271 
5
8580 3683 3532 3124 6150 
5
608 2226 357 3894 625 
5
6354 858 4127 5564 4589 
5
4169 3556 1688 898 6027 
5
6914 1431 7956 3501 2614 
5
3767 3761 3791 5761 6395 
5
3874 1964 2933 3262 7612 
5
6681 9372 8124 6455 7670 
5
4948 3962 5909 5155 592 
5
7621 7668 1277 5023 1271 
5
8385 7806 941 3494 8647 
5
2666 2000 8170 5500 6695 
5
9844 9772 7223 9988 6519 
5
3027 7685 2040 5228 1628 
5
6777 2852 5570 2305 1476 
5
4161 6905 1363 9750 9388 
5
9444 5258 7113 425 3576 
5
7957 1761 7551 279 7468 
5
523 3360 1439 8610 5495 
5
9049 5977 362 7210 3069 
5
2935 6934 6470 8516 3618 
5
2269 8656 9854 1703 6495 
5
6378 6406 7972 4476 6707 
5
351 4148 758 9696 4078 
5
9621 3750 5494 2633 9883 
5
502 1945 6403 4883 7513 
5
239 3454 5026 3485 1458 
5
4931 4204 4851 1306 7400 
5
8592 958 2454 8679 9208 
5
7440 9541 1124 8799 2073 
5
1743 6167 4937 3319 9867 
5
7972 2571 8083 7220 9160 
5
6185 8925 4843 837 7017 
5
3926 2938 2422 7269 2133 
5
688 9094 5904 2996 3789 
5
9781 839 9530 8614 5445 
5
7690 208 3218 9713 9914 
5
4512 32 6689 2698 7409 
5
7460 5717 228 6152 7019 
5
4231 5125 6715 9185 1200 
5
9418 7449 4822 9314 8812 
5
4960 4516 2862 7623 7902 
5
6650 8005 1263 9442 1298 
5
6540 8040 867 3819 3323 
5
4634 5320 4894 3703 5128 
5
3682 681 1023 8979 7223 
5
2703 4963 9303 6815 4995 
5
1427 9656 243 6182 737 
5
7373 6606 2158 4604 9465 
5
2391 174 1980 5671 2258 
5
3311 1577 3837 3040 1708 
5
590 7773 460 7281 7153 
5
6583 9340 9840 6025 5883 
5
793 2084 1837 6601 7547 
5
3240 4416 9862 7843 1816 
5
8838 5550 5867 3969 8011 
5
3179 5703 5323 909 1588 
5
87 5389 7203 4745 3148 
5
6402 8985 3799 5649 837 
5
6660 3175 2649 4275 531 
5
7917 3094 1053 7335 7949 
5
3948 7662 6792 3126 3862 
5
5124 5994 8794 8615 1132 
5
3843 7257 9986 7339 7026 
5
4715 5898 35 2522 469 
5
9784 8508 2564 2172 6785 
5
9797 3533 3792 901 1390 
5
6218 553 3592 5614 1570 
5
8305 2971 2241 8044 5947 
5
3370 6909 5942 242 7106 
5
7525 7360 8226 6933 4898 
5
5633 9394 9287 2529 2371 
5
5957 3267 2962 7470 9500 
5
1158 1665 861 7018 9338 
5
6705 3824 6507 4633 1039 
5
111 8331 9589 8616 2421 
5
5268 3093 6501 8151 3651 
5
5663 7585 5987 4991 5346 
5
2398 9271 5745 3097 2565 
5
2190 8610 2704 6569 6621 
5
6679 8809 6510 2011 183 
5
9034 2548 9008 4664 190 
5
5757 611 1774 2382 8603 
5
8948 5730 2619 4171 1073 
5
3539 6328 5115 8159 7535 
5
7889 6767 2865 1843 9380 
5
5821 4591 8148 1963 5028 
5
9462 2498 8131 4648 8116 
5
6654 8236 1146 5767 8730 
5
5795 7155 9170 1955 90 
5
1270 9401 8285 3054 5385 
5
9018 3075 6691 5346 3977 
5
7956 4203 8866 3995 4137 
5
2345 544 5548 4469 5853 
5
6548 442 6 4474 3967 
5
4929 2824 2595 9153 4423 
5
499 4984 4091 7651 6161 
5
3683 9390 8674 3009 5320 
5
5753 7697 3141 4123 7346 
5
8810 5162 3627 3446 5258 
5
1672 3472 444 9254 5581 
5
9353 6647 7175 8706 2442 
5
8742 7992 1469 744 9226 
5
8659 8936 8800 1049 6716 
5
315 2865 4958 5111 5604 
5
6107 6611 185 1138 5640 
5
7488 1729 96 4143 3202 
5
4343 1826 5847 5127 6092 
5
2794 5058 5206 9707 4920 
5
1051 9705 5935 4510 5442 
5
599 5685 1362 4859 2577 
5
7655 4212 661 1419 5164 
5
4021 156 2349 5849 494 
5
9208 277 4881 5022 7745 
5
2529 58 483 7101 3998 
5
4758 9287 6721 8958 4920 
5
6052 8708 7804 5288 47 
5
1197 7579 5168 6900 5894 
5
5291 6073 6345 5185 1212 
5
139 193 4357 1065 9853 
5
8840 4879 2284 794 946 
5
2012 5257 5673 9073 9929 
5
4090 2178 4712 8172 6416 
5
3046 2572 2362 1789 1148 
5
1873 3175 6418 6330 3367 
5
6676 6012 5455 9032 2665 
5
5560 1353 8333 9542 5207 
5
5529 6892 8064 2845 4792 
5
7496 959 3339 4398 6790 
5
3183 471 7866 3253 6748 
5
9989 8868 6505 1289 777 
5
1586 2673 5853 9135 6917 
5
6835 3778 7266 5062 6623 
5
7929 2474 1391 3875 3872 
5
6470 1593 7293 376 4282 
5
1496 2733 6744 3098 1451 
5
9169 8672 3514 1702 405 
5
531 215 2508 5189 9442 
5
177 2285 3660 2613 817 
5
3634 3010 9204 6292 1275 
5
6965 3900 653 7215 8103 
5
6595 5726 7130 2920 7076 
5
2077 6009 2042 9893 8407 
5
287 8724 1871 6506 3642 
5
5726 8563 1476 9820 5828 
5
3834 1978 358 1275 3625 
5
9306 4065 7648 3269 9614 
5
7442 6375 147 8125 6989 
5
135 1449 2868 6903 38 
5
2752 1537 7097 2841 3693 
5
6925 4624 4052 1232 8168 
5
7665 5425 9731 3130 2309 
5
9531 9468 2322 4425 9185 
5
9754 1874 6243 1792 1160 
5
2929 1801 8140 4441 2285 
5
9347 5738 1106 990 4816 
5
9558 1049 5555 8448 6190 
5
3141 4569 4660 4382 2448 
5
3413 4629 7585 5994 2184 
5
6209 4193 1008 3677 2416 
5
5964 1175 4964 429 682 
5
8015 8127 3705 6674 7927 
5
4107 1462 969 1023 2588 
5
9540 2809 9297 8995 1648 
5
9250 2822 5854 7506 551 
5
7473 3012 224 7492 941 
5
2053 1446 6714 8525 5222 
5
1714 4256 1175 2586 3450 
5
5544 2994 6449 2667 9076 
5
3355 6223 6641 830 1766 
5
2182 2965 4561 9600 197 
5
5950 5418 3096 642 6308 
5
1869 3521 2922 6235 8858 
5
8971 2164 947 6174 5717 
5
8844 4388 8907 61 8379 
5
7519 4479 7060 5813 81 
5
6622 5028 7007 5063 8195 
5
3683 4603 1423 1694 7952 
5
4858 7345 6507 8036 9901 
5
921 6764 7281 3824 4745 
5
6245 282 468 5738 6784 
5
9439 7686 7374 4739 4995 
5
6605 6368 4724 3192 7492 
5
8850 7320 17 5543 8893 
5
5118 5354 5004 2359 6911 
5
8787 7741 6643 1241 7744 
5
5296 7202 6626 9841 5319 
5
564 5751 7825 1511 8388 
5
2678 9860 3504 3994 9714 
5
4677 9827 306 9235 4554 
5
916 7330 7158 8614 4812 
5
268 6187 5594 441 931 
5
6197 4910 2690 746 9929 
5
840 1853 5190 7382 9107 
5
210 9591 8588 187 3321 
5
2626 28 1144 7558 1051 
5
2093 8560 4969 936 1679 
5
5001 9729 2009 7067 3800 
5
7497 1472 2799 5864 2447 
5
6004 2928 4503 2765 133 
5
5634 1531 111 2170 8650 
5
9706 8854 8661 3193 3873 
5
1380 8747 8457 3236 836 
5
7635 780 8717 5804 5474 
5
425 4751 151 9407 4741 
5
7135 6296 8134 6427 819 
5
1602 383 8301 8203 4626 
5
4662 936 3412 544 5679 
5
5754 313 4706 4395 5263 
5
9843 1087 9616 4484 7279 
5
3966 4472 1496 6083 93 
5
7885 5352 8958 3126 6384 
5
8663 8054 1204 7415 4988 
5
239 6662 3262 9865 7717 
5
695 3058 7715 6055 3308 
5
8999 9973 8364 8555 2031 
5
7963 7340 1322 2547 4513 
5
7686 3857 391 3598 5201 
5
980 9199 164 3050 5322 
5
8652 4871 3713 6672 6128 
5
3848 1596 4623 2772 1099 
5
4797 438 3556 5256 9998 
5
8081 4172 6798 2396 4105 
5
8380 8253 2204 7185 2329 
5
8669 6914 4863 1152 8253 
5
7520 7563 4431 9116 4902 
5
5117 5397 547 6064 2404 
5
8525 6937 3883 3337 4075 
5
9489 9031 3175 7980 531 
5
1978 692 5698 6096 9569 
5
6393 527 8989 6096 7727 
5
4858 2872 7250 2412 70 
5
436 4248 3405 200 1723 
5
8171 6389 234 4047 4101 
5
7886 4418 7484 9187 7053 
5
4902 2864 2566 4535 4721 
5
802 8905 6407 7060 6589 
5
5921 2352 6892 3356 7596 
5
5206 1154 1408 2134 9840 
5
2475 1015 5118 3640 1433 
5
4178 4516 656 7457 8115 
5
507 3013 8156 1634 4371 
5
7858 4584 6840 6906 5378 
5
6753 1683 864 3338 6478 
5
780 4278 2998 3321 9894 
5
7908 2757 2636 7853 9075 
5
3761 1725 6961 8667 923 
5
4860 5521 9223 4644 1309 
5
6248 522 3337 330 8208 
5
3939 2042 1068 5799 5586 
5
6725 2582 3085 8059 656 
5
8624 3650 5152 7824 4659 
5
7872 3114 7879 4243 4662 
5
7222 8126 3860 23 7922 
5
6730 5974 4662 1700 4736 
5
3991 1804 6942 3047 1195 
5
8503 61 1585 2938 653 
5
1009 8471 6981 334 3393 
5
1211 4764 1271 8803 9449 
5
2491 1697 2471 3172 7690 
5
6633 1817 9339 4457 8921 
5
1230 3752 1587 4868 2786 
5
2115 8295 6556 6173 5519 
5
3243 8404 6508 2982 2375 
5
8479 1061 2758 3873 7533 
5
8263 608 8389 7601 9541 
5
1192 6723 4379 8333 2796 
5
903 1515 8065 1626 7417 
5
8726 582 7737 2079 5428 
5
9209 8642 8359 4488 5213 
5
5269 2218 2926 5472 7891 
5
3444 7113 4368 4209 4960 
5
5316 2513 1771 4837 722 
5
9066 1169 5481 8813 3248 
5
6708 9330 9928 9767 7999 
5
3489 7878 1599 277 481 
5
9151 4359 8480 7013 6381 
5
5497 4898 4001 8377 8857 
5
9351 7636 4195 1517 1455 
5
4835 1360 20 1643 3139 
5
7419 3317 5811 9247 2150 
5
9199 575 7563 8259 8420 
5
2764 1865 9795 1755 4130 
5
7227 5252 1444 9062 9762 
5
9136 7729 4732 5399 7676 
5
3553 6294 6566 9791 5357 
5
4921 1923 4822 1530 652 
5
3939 9007 2766 6265 8568 
5
6598 2068 2630 4020 3784 
5
5926 619 7802 8516 9944 
5
4721 5806 7828 396 5379 
5
2454 5050 9411 7276 6922 
5
7609 8358 1459 5604 8954 
5
7310 1068 666 6385 299 
5
1601 1825 9974 366 8295 
5
2008 3656 1630 7091 3487 
5
6015 108 1380 3469 2780 
5
8188 3895 3855 9009 5006 
5
8905 9133 7169 3707 6004 
5
8988 884 1843 626 1591 
5
4992 806 9933 2306 8305 
5
4471 5252 2810 1756 1192 
5
2986 2593 2729 5161 3322 
5
866 1991 7510 4444 5238 
5
5856 6859 4407 5453 9424 
5
8376 4840 3358 5903 9938 
5
6382 548 8396 6593 798 
5
9153 3042 1428 255 3276 
5
177 1476 4835 429 2037 
5
73 8119 8025 9495 545 
5
5117 3037 925 9375 9466 
5
5610 7714 932 9251 9649 
5
1337 1272 3010 5114 1567 
5
310 8724 1278 1571 7936 
5
4157 6170 6165 9887 7004 
5
3617 9469 787 5057 1937 
5
5448 3648 8020 5295 5990 
5
5063 8527 8617 6731 825 
5
9577 7377 796 5640 2236 
5
3872 5729 1030 6599 1369 
5
5675 4310 6227 6915 5413 
5
6824 7187 882 7626 9909 
5
8344 6922 8494 6344 3700 
5
9232 6985 6832 5914 9427 
5
1273 293 8834 4148 5440 
5
9390 5375 4855 4197 5766 
5
710 1386 4970 5751 4623 
5
814 219 6649 6104 2021 
5
561 7924 4435 7433 3488 
5
9880 1628 219 8175 8544 
5
984 4494 5161 3055 6154 
5
4706 6207 8460 5698 3449 
5
179 7984 9912 2164 5052 
5
1007 8080 8216 6632 8559 
5
9130 3906 1058 9117 9566 
5
7214 7557 1531 3692 3976 
5
1972 1436 5976 9805 8457 
5
4624 4563 9857 1088 2473 
5
2113 5445 5097 9459 2316 
5
5028 832 9470 2487 6456 
5
7799 2751 9022 8614 973 
5
2261 8499 5233 2703 7280 
5
3356 6254 7578 1651 8265 
5
5846 7112 1598 6569 6390 
5
4805 1282 6468 5573 2454 
5
4042 1137 1842 5561 4653 
5
3430 9702 5013 5717 5000 
5
6495 1849 4411 4636 927 
5
8858 6576 6735 5645 9285 
5
8056 8375 5654 7222 8483 
5
6267 2516 7591 6816 5038 
5
871 6479 1253 6287 7758 
5
2523 1646 8125 8397 5011 
5
6118 2155 1708 1888 3898 
5
4588 6181 7025 1035 570 
5
4501 4448 3063 6863 7353 
5
1317 2083 341 6397 1601 
5
2706 4881 1889 4815 3155 
5
2959 5432 5590 3802 9455 
5
2029 7842 7669 1120 2147 
5
1001 4559 1863 666 5935 
5
2180 3650 8350 6660 7081 
5
3626 1601 4641 6823 7283 
5
9013 7806 8184 3824 612 
5
4667 8131 4335 7351 2719 
5
2256 6788 7549 7562 8880 
5
6691 812 714 8707 5081 
5
3698 2576 1750 3334 2066 
5
5242 3057 4189 3687 9358 
5
1018 7386 8932 5264 7150 
5
8619 2639 313 2956 6705 
5
2514 1734 1843 9350 3499 
5
3340 8993 7028 9278 1385 
5
2124 1046 1016 8038 9410 
5
1021 7261 9199 5439 2087 
5
1916 252 5452 6212 8248 
5
1232 2999 3916 7337 201 
5
5118 472 4059 5096 9406 
5
3095 1263 6045 7050 4033 
5
7567 7504 3696 4628 4467 
5
2603 4395 5452 6096 6614 
5
5202 6506 4704 5197 4063 
5
6482 1650 2954 4677 2923 
5
9939 1830 2294 2560 7417 
5
9814 6242 908 6756 5523 
5
9821 9861 8233 8817 8896 
5
239 7519 9051 1877 6010 
5
7216 300 1015 9107 207 
5
695 9466 4933 3268 9487 
5
2366 3945 1093 2074 3976 
5
9248 1528 3798 4291 5338 
5
970 4453 8306 7490 3851 
5
9926 8235 8885 9421 4572 
5
4140 5849 1972 3828 1721 
5
6895 3928 38 6438 7061 
5
5330 905 4791 2781 4378 
5
5342 9785 8158 5657 5446 
5
2887 589 9726 748 9335 
5
7376 5784 805 9533 7717 
5
4469 9771 1421 8738 618 
5
8044 9162 2228 3588 2082 
5
5830 3074 8442 8554 9804 
5
3680 2034 5994 8162 2483 
5
5835 2641 5738 6261 7967 
5
8912 8562 2560 4966 7879 
5
6355 6671 867 773 956 
5
6328 140 9745 2182 943 
5
8364 6708 908 7516 8559 
5
5900 8584 3209 7421 8073 
5
6961 2003 8926 6266 2298 
5
865 6565 5573 8893 5721 
5
1817 1963 9021 7908 5663 
5
5076 5431 1897 2037 555 
5
5163 9326 2325 298 6112 
5
3931 6980 3360 3610 8805 
5
4738 3964 1890 3539 7148 
5
4948 1005 7646 1132 4501 
5
1483 8921 6532 2085 2356 
5
153 8653 3996 2692 7117 
5
2739 6771 7804 4712 4054 
5
4973 3960 2673 1308 8339 
5
3547 5157 8768 8277 1944 
5
3987 2800 6992 1264 8051 
5
866 8363 3554 2074 8547 
5
7940 298 2333 988 7893 
5
6843 6398 110 4499 5058 
5
7485 7350 9453 9325 5690 
5
6234 2508 8682 8151 9780 
5
6041 2579 2379 8509 7073 
5
8726 8698 6238 8014 7061 
5
9236 5738 4609 3870 6530 
5
6112 7234 9754 4860 5713 
5
5459 4807 1911 1438 7990 
5
2734 3235 9455 6226 5777 
5
9878 1403 3523 796 801 
5
5113 3777 9778 1438 504 
5
9080 3603 7040 4431 3569 
5
7483 3235 5215 6823 4866 
5
5495 9689 6 8248 6799 
5
7972 3197 3257 8948 1853 
5
7004 4113 5927 5240 6325 
5
7639 3433 1469 3687 8854 
5
8115 7611 3556 7953 4191 
5
8663 6111 5607 1706 139 
5
9521 8463 2877 1930 4893 
5
2471 7394 701 5394 7091 
5
2354 2330 22 7490 4201 
5
1033 3112 6909 2405 3285 
5
3398 6530 8153 3561 7830 
5
5879 3474 2465 4585 5276 
5
14 8514 4437 9583 3261 
5
9534 4062 7334 5992 3882 
5
5949 5102 4856 9489 630 
5
3770 9245 3674 7983 4190 
5
6440 8467 3768 6357 439 
5
2323 2123 6467 33 8418 
5
3078 9364 2723 9097 3668 
5
8781 6372 4268 44 691 
5
6411 8202 5965 5835 5933 
5
2407 7502 5282 5265 6337 
5
8090 8358 7708 2953 7348 
5
8012 8138 5765 7107 6580 
5
2987 4601 5207 8977 7005 
5
2462 5853 452 2224 5822 
5
6173 5839 484 436 4905 
5
7420 6212 1286 5620 9255 
5
1312 7770 5910 9606 3344 
5
5480 7431 3024 1524 1691 
5
61 8465 3727 5040 3032 
5
6274 7608 2661 7690 3015 
5
5828 9928 3407 9278 4822 
5
6874 1958 1650 9144 3372 
5
1631 1757 7066 7355 1750 
5
6166 8929 9161 1222 4387 
5
9660 2193 3611 3389 2463 
5
2684 1207 5704 2803 2310 
5
872 8497 172 7825 3736 
5
1618 4843 1445 3083 5501 
5
7484 2646 1887 4904 1474 
5
3388 9614 831 5609 7951 
5
5769 5713 9971 5157 2009 
5
3644 6419 8138 5820 2187 
5
6914 4436 401 5485 8892 
5
2105 3818 8346 2483 237 
5
7416 8484 7017 8971 3908 
5
9858 4715 636 7801 679 
5
5879 5817 7780 6134 7323 
5
9625 1483 5432 6792 1851 
5
4623 6596 1530 4736 1067 
5
2667 568 3380 9399 8910 
5
6467 4259 6584 528 8790 
5
2088 9430 7298 7747 3460 
5
9836 3210 1332 7723 3054 
5
4883 4608 2559 4622 1331 
5
8712 8450 914 820 9448 
5
4669 3105 1894 339 6393 
5
952 5365 5126 4080 3259 
5
4317 3812 7904 9505 3630 
5
2981 1449 6146 8630 1789 
5
9931 8558 4446 9970 9422 
5
6713 8970 6866 8070 3941 
5
4792 2326 1670 6486 4079 
5
4778 6593 6778 5941 5670 
5
5281 7212 7687 6356 3147 
5
8780 8267 3262 7188 8400 
5
4287 4055 5651 2786 8847 
5
7820 5233 5923 5423 2114 
5
3824 6955 5429 2419 8273 
5
225 9846 1752 4664 6794 
5
8425 869 132 4967 9888 
5
2470 5040 5187 4826 996 
5
3717 5150 9258 5767 2787 
5
4006 9101 1158 3050 5186 
5
1260 3909 3852 175 3357 
5
6148 1382 459 5286 9269 
5
2357 3865 7602 9671 9527 
5
1381 1632 5914 7858 201 
5
3993 3266 2628 9228 5164 
5
789 8183 6793 9399 5177 
5
4112 6827 7329 5392 4466 
5
7071 6026 8760 7680 8526 
5
8482 4042 284 4349 6235 
5
6835 7594 5279 9639 6506 
5
2094 8609 8769 8273 2969 
5
8591 3761 4938 6942 9182 
5
9270 9942 604 9788 2948 
5
4913 7624 7759 7769 4641 
5
9501 348 337 5715 7935 
5
3465 9750 1209 937 859 
5
1904 3138 3690 3023 8339 
5
2930 9801 8492 2446 1217 
5
8975 625 6818 6228 9867 
5
8329 9335 8428 2421 2521 
5
3973 2811 1156 3493 6755 
5
8417 5104 9105 4473 7573 
5
5972 3092 708 2143 6095 
5
8131 3428 1462 2534 2333 
5
4810 5330 7685 1547 9269 
5
5826 6731 9199 1521 9332 
5
5375 6822 9227 5739 2051 
5
246 6630 5017 3343 9392 
5
3427 2822 242 3213 8491 
5
1204 4758 5821 2429 3900 
5
1285 7006 2808 4206 2462 
5
2029 8052 7610 858 5127 
5
5980 4915 5337 3405 3679 
5
1750 7393 4495 3695 4853 
5
190 8926 938 6469 2261 
5
6314 6773 6043 1767 3776 
5
6956 1651 5777 6299 2116 
5
5496 6744 547 8118 9304 
5
8761 5255 8753 4851 5021 
5
8283 9662 4776 6360 6281 
5
9078 6551 8903 1006 7895 
5
6584 1390 8165 3659 6063 
5
6857 2231 9323 8928 9962 
5
3195 31 2255 3198 2115 
5
6021 7227 5311 4186 9465 
5
1187 5125 4654 922 4253 
5
4368 9101 5704 3277 4278 
5
4452 69 9100 9200 4338 
5
2790 6137 7023 8119 8643 
5
4761 5629 6651 1345 7853 
5
263 2028 5737 2677 9065 
5
6487 8161 6671 1728 9426 
5
3741 7486 6577 885 2940 
5
5152 6419 209 5934 8692 
5
4496 7454 3607 4303 1454 
5
1449 1949 5780 2524 6237 
5
780 1608 9884 7577 9704 
5
7996 7890 8600 2584 9262 
5
8131 6157 8606 4124 2335 
5
9254 3916 1069 7561 3285 
5
9479 8087 9634 831 7500 
5
4561 7684 8206 3895 7616 
5
219 2081 8949 2769 8221 
5
5162 7676 7476 3644 6281 
5
444 4676 9136 3275 2169 
5
8863 2786 1827 661 8873 
5
5393 6413 3971 8616 6222 
5
1570 2620 8536 194 2814 
5
6833 1014 630 42 9006 
5
1544 2701 5464 5360 1161 
5
2639 1568 2122 7644 5550 
5
1984 8716 1823 5385 9462 
5
9729 8067 5164 6517 4954 
5
7813 7247 3824 8636 5128 
5
1187 1891 755 7078 1912 
5
6068 6699 1111 5014 1912 
5
4711 7809 8987 4312 4801 
5
5352 5797 3697 7758 1818 
5
9117 69 2386 6060 2391 
5
2922 2452 448 1991 9514 
5
7846 5447 6682 2543 749 
5
9614 1243 5296 5670 5805 
5
4787 2345 1953 6377 9434 
5
8942 2764 7112 9186 8880 
5
3817 9303 5743 197 1938 
5
6360 7238 6479 2354 5604 
5
498 8885 3239 3500 3332 
5
6190 6731 2470 2436 8164 
5
9282 4484 5793 6599 2521 
5
8036 1349 5068 1801 6017 
5
1207 1666 3728 7821 1572 
5
7207 1321 9075 5433 4190 
5
5487 6016 5752 5666 2985 
5
8053 8630 8467 4830 554 
5
6914 3318 4567 2230 9288 
5
9008 4180 7562 8869 1538 
5
9166 4536 7562 9795 4366 
5
6775 6232 3620 1051 4921 
5
1444 9065 5793 1923 5938 
5
3022 8267 1292 9377 425 
5
5382 8844 3577 3667 7931 
5
2048 6995 6413 9976 132 
5
2195 9050 6702 2556 715 
5
4234 1672 1358 3456 6550 
5
6824 9573 9751 2838 2736 
5
7770 5419 5108 2400 8746 
5
851 7256 6812 982 7392 
5
7967 2613 20 9523 5247 
5
2566 3719 3148 2426 7326 
5
9441 2911 7447 262 1026 
5
3041 4423 8662 3626 2374 
5
482 7340 5230 6488 5221 
5
7249 9344 6977 3342 5245 
5
5904 3747 7721 3991 904 
5
7333 1109 4531 4226 5595 
5
5851 8834 9379 5806 4839 
5
2126 8963 3553 3441 8877 
5
4130 67 267 3419 6880 
5
5377 5312 401 4547 6703 
5
1944 7735 3007 956 2483 
5
9211 1201 7473 795 6994 
5
4539 722 644 2144 6142 
5
4997 6668 4284 4107 4193 
5
9312 5602 42 8997 9115 
5
5087 2545 1588 2408 6194 
5
6188 7993 2606 1776 7984 
5
3577 8506 5890 5684 1147 
5
8818 8300 9688 3154 9118 
5
8565 7995 2786 5314 3747 
5
4108 6001 6704 2151 1467 
5
9092 7870 5836 2775 8335 
5
1814 1558 4752 4852 2014 
5
7617 9327 1930 4577 5708 
5
3003 3431 6803 6401 5592 
5
5112 1868 5222 3168 5839 
5
8279 5112 6565 1935 7471 
5
3999 3391 283 9192 5471 
5
1362 5212 4123 3047 3781 
5
2156 8577 6853 1926 4352 
5
2716 6837 847 7688 2182 
5
6171 9924 1377 4440 9858 
5
7481 7719 2973 1689 7587 
5
3782 7737 4527 3023 4039 
5
497 7875 499 4824 760 
5
9027 2364 6381 3166 4223 
5
5774 4647 2329 3142 211 
5
8616 9490 2575 280 2681 
5
3679 4033 4523 7666 7941 
5
3560 9545 4142 4072 5833 
5
3186 9060 1618 8813 5690 
5
8115 3441 2734 678 2312 
5
3544 4775 2841 5586 7884 
5
9580 4611 5267 8600 2310 
5
975 8243 5779 362 8266 
5
9564 7437 1503 944 710 
5
5902 7141 6218 9931 9776 
5
6771 680 7676 5564 4184 
5
8504 8096 1284 661 3056 
5
8086 317 1625 6534 4913 
5
4991 7409 2035 1341 522 
5
1568 8158 7631 6560 9917 
5
351 3683 7587 7299 6400 
5
1574 5500 8083 2958 7458 
5
7969 1611 1126 9130 8458 
5
9612 3404 8132 5793 7049 
5
8511 6368 807 107 8436 
5
4465 4781 8738 4729 5621 
5
6581 9441 7839 5413 7942 
5
8209 7687 7392 8615 4284 
5
3922 1874 9395 8066 3621 
5
8562 5787 3885 3186 7529 
5
5999 7984 7875 6255 5296 
5
3555 5860 2745 7923 4403 
5
401 6830 2844 1333 7859 
5
8319 2375 3543 8101 471 
5
8074 3861 5120 336 6106 
5
7135 5159 9842 247 9098 
5
5868 7237 5833 3849 6652 
5
8271 9107 9033 2069 7281 
5
8339 2242 57 8293 1753 
5
6291 5014 9147 4145 5507 
5
7426 7462 516 6279 4778 
5
8809 905 8376 5534 1502 
5
4477 7096 2641 9184 9504 
5
1689 3624 2916 1308 44 
5
7731 3581 1556 7667 5304 
5
4373 7842 8893 6720 8286 
5
66 3074 1334 3704 7961 
5
8678 1738 9484 1069 4372 
5
2425 9039 5765 6867 333 
5
2161 6481 6870 4657 5625 
5
6824 9595 2394 3450 5498 
5
1801 2751 8254 5753 6288 
5
9337 7402 6116 4516 3714 
5
94 1940 3676 3282 4752 
5
8015 5529 7204 53 6401 
5
9663 8232 3351 4451 6031 
5
518 1868 5318 9449 6041 
5
2737 4756 2859 6168 9525 
5
9437 2970 1474 7696 147 
5
5314 8443 1899 4516 2780 
5
119 5051 6016 8455 1294 
5
6497 581 9892 802 7436 
5
1139 4328 1565 9795 6003 
5
156 8895 3261 3931 2482 
5
2083 4316 751 1895 5349 
5
4065 9238 5616 3006 4501 
5
295 4548 1958 6387 9342 
5
5850 8834 8439 3807 1895 
5
9674 7910 4313 5485 2412 
5
5619 512 6894 1854 5289 
5
5174 4416 8890 8149 8444 
5
9947 6317 5281 3844 22 
5
1130 5523 8988 5216 1357 
5
4977 9070 2437 9826 2570 
5
3823 1001 8409 5471 6109 
5
6524 793 6413 5842 8242 
5
4815 5082 585 3247 7123 
5
4505 1564 8778 3934 3035 
5
6399 8169 9910 6389 9974 
5
9449 4387 1219 3688 8861 
5
1772 5713 609 9425 9279 
5
2418 2657 1621 7321 752 
5
7619 7940 5289 5691 4948 
5
7311 5486 3999 7928 973 
5
3514 1001 265 4784 8542 
5
3141 5062 871 129 7901 
5
1787 2603 8868 3870 6472 
5
9420 1458 6392 4873 531 
5
2727 2024 742 1003 6649 
5
5232 442 2933 5985 9449 
5
2999 2432 2981 1486 7929 
5
8416 4676 2169 918 6340 
5
8447 6687 839 7452 4779 
5
3260 1515 8246 303 2556 
5
5478 9195 3539 9737 6686 
5
562 112 4675 9785 6288 
5
8391 1798 9309 4127 9020 
5
5680 7070 4252 2748 465 
5
8524 7036 5231 5259 5948 
5
5523 3719 1015 1384 7923 
5
8365 8390 7659 9987 1363 
5
8233 7905 317 2916 7102 
5
2658 3929 5303 3562 740 
5
2374 9990 7261 5804 3737 
5
1285 2136 1165 3250 3301 
5
9415 3714 3075 9036 3998 
5
3628 6717 1030 252 4171 
5
2765 2035 2712 6781 4735 
5
4015 2398 4425 1201 3313 
5
8475 2293 2141 9080 1259 
5
3827 5249 2443 6179 1411 
5
1823 725 3647 1746 1054 
5
9727 8975 8818 2971 8043 
5
5334 6456 8411 5423 3452 
5
33 6876 3592 1037 5932 
5
3610 9467 4827 7959 3270 
5
4537 6922 7089 748 4348 
5
4969 7237 2748 3389 4511 
5
1489 8404 2250 3687 9724 
5
4554 3067 3076 3183 3541 
5
5220 2486 9513 7355 2784 
5
7518 3965 8294 2345 2678 
5
2136 8930 3301 7050 9845 
5
7292 2094 3296 3556 968 
5
4106 62 1520 5116 8826 
5
8299 8124 5569 7684 5529 
5
455 2825 4158 903 2939 
5
5020 24 5845 6271 6911 
5
5657 2303 8492 9310 7521 
5
8552 6377 9264 1857 6954 
5
3902 934 3539 5943 9436 
5
1339 2778 7239 2455 8253 
5
4149 388 1912 7935 4324 
5
6891 6475 750 4928 2553 
5
6434 1941 1653 951 533 
5
1356 343 1795 1906 9572 
5
1088 6621 4102 9628 8309 
5
941 820 4421 4654 2360 
5
7946 67 6792 9581 7883 
5
6485 6240 2379 5962 4691 
5
8531 2207 4665 2469 5518 
5
5338 2586 117 7096 6500 
5
6834 3864 6068 8422 2112 
5
8479 1161 4678 2627 6787 
5
638 645 184 4978 7432 
5
3421 7909 9716 8643 8139 
5
2657 7379 6907 940 2722 
5
9398 1436 714 2243 9208 
5
3313 9697 7346 3901 3383 
5
4404 9564 7283 7320 9520 
5
7230 7166 9017 1252 6863 
5
2541 7959 9637 2785 4455 
5
9021 5391 8783 2566 443 
5
8409 6234 3029 8914 8582 
5
868 3166 4611 5898 1003 
5
2068 8556 7965 6619 6021 
5
1013 8252 4738 135 1008 
5
783 1507 4819 4320 5715 
5
4141 3352 8645 1448 2666 
5
745 3075 7229 8984 317 
5
498 3482 4430 8440 6257 
5
2229 8961 25 6694 7083 
