100
2 2 0
3 6 6
9 9 6
9 4 6
5 5 6
6 6 6
9 9 6
1 6 6
10 10 6
1 2 6
1 5 5
10 3 5
8 7 7
3 3 7
4 7 7
7 8 8
10 9 8
7 7 7
6 1 1
9 9 9
4 1 1
6 6 6
3 3 6
10 10 6
8 8 8
2 2 8
2 2 8
9 9 9
6 6 9
6 9 9
8 8 9
6 3 9
2 2 9
5 7 9
8 1 9
1 1 9
9 2 2
5 10 10
9 1 10
10 7 7
7 7 7
5 5 7
3 3 7
2 8 8
1 1 1
9 9 1
6 6 1
8 8 1
10 10 1
7 8 8
10 10 8
7 7 7
2 6 7
7 9 9
2 6 9
5 7 7
3 3 3
4 2 2
8 7 2
8 8 8
1 1 1
8 8 8
7 7 7
9 9 7
8 8 7
5 2 7
4 8 8
4 1 8
4 2 8
1 10 8
10 10 8
3 5 5
5 5 5
7 10 5
9 9 5
7 10 10
10 7 7
2 2 7
7 7 7
9 3 3
5 9 3
8 8 3
4 2 3
5 5 5
8 8 5
4 4 5
1 9 5
9 9 9
7 7 7
2 2 2
2 7 7
9 9 9
2 2 2
2 2 2
3 10 10
8 8 8
7 7 7
3 3 7
3 3 3
3 10 10
